 0.000  0.736 20.147  0.307  0.000 20.301  0.000  0.205 20.137  0.000  0.365 21.700  0.000  0.408 23.209 0
 0.662  0.000 44.155  0.000  0.721 45.810  0.998  0.147 47.364  0.762  0.086 47.295  0.077  0.718 46.721 0
 0.101  0.233 46.788  0.010  0.680 48.202  0.000  0.589 49.411  0.122  0.060 49.363  0.000  0.257 49.157 0
 0.542  0.000 23.113  0.000  0.967 22.339  0.877  0.094 22.264  0.086  0.310 22.016  0.142  0.329 21.753 0
 0.000  0.915 32.362  0.332  0.000 32.529  0.892  0.000 32.974  0.957  0.000 33.453  0.000  0.986 32.664 0
 0.773  0.003 24.459  0.000  0.517 24.045  0.000  0.914 24.345  0.984  0.866 24.645  0.359  0.073 24.586 0
 0.345  0.000  6.392  0.000  0.886  7.998  0.000  0.277  9.442  0.000  0.809  8.795  0.000  0.419  8.460 0
 0.792  0.000 25.183  0.000  0.956 24.418  0.603  0.874 24.718  0.238  0.863 25.018  0.029  0.190 24.866 0
 0.000  0.283 11.740  0.968  0.000 12.224  0.513  0.181 13.777  0.460  0.000 15.011  0.172  0.604 14.529 0
 0.734  0.000 11.893  0.000  0.325 11.633  0.373  0.000 11.819  0.406  0.107 11.733  0.048  0.502 11.332 0
 0.731  0.085 31.036  0.000  0.485 30.648  0.672  0.109 30.561  0.000  0.960 29.793  0.000  0.407 29.467 0
 0.028  0.597 28.822  0.435  0.000 29.040  0.134  0.174 28.900  0.095  0.895 29.200  0.000  0.863 29.500 0
 0.000  0.747 16.962  0.796  0.180 16.818  0.902  0.000 17.915  0.000  0.255 19.197  0.000  0.259 18.990 0
 0.025  0.697 37.067  0.410  0.924 37.367  0.061  0.910 37.667  0.476  0.000 37.905  0.026  0.316 37.652 1
 0.000  0.770 26.165  0.093  0.109 26.079  0.744  0.000 26.450  0.569  0.181 26.305  0.539  0.195 26.150 0
 0.000  0.766 30.238  0.000  0.694 29.683  0.819  0.000 30.093  0.696  0.035 31.225  0.000  0.934 32.816 0
 0.663  0.000 27.143  0.148  0.349 26.863  0.000  0.200 26.703  0.097  0.734 27.910  0.223  0.014 29.047 0
 0.979  0.198 33.364  0.000  0.510 34.981  0.674  0.012 36.119  0.501  0.135 36.011  0.722  0.000 36.372 0
 0.060  0.903 13.663  0.294  0.000 13.810  0.239  0.000 15.413  0.087  0.311 17.044  0.950  0.025 17.519 0
 0.320  0.093 31.042  0.739  0.000 31.412  0.101  0.840 30.739  0.795  0.866 31.039  0.380  0.940 31.339 0
 0.113  0.655 18.331  0.923  0.902 18.631  0.000  0.915 18.931  0.203  0.199 18.772  0.104  0.510 18.364 0
 0.000  0.275  4.465  0.129  0.027  4.530  0.000  0.709  3.963  0.829  0.000  4.377  0.000  0.895  3.662 0
 0.000  0.688 47.217  0.219  0.041 47.327  0.804  0.000 48.495  0.055  0.463 49.614  0.000  0.623 49.116 0
 0.301  0.000 37.157  0.000  0.637 36.648  0.920  0.154 36.525  0.920  0.047 36.985  0.000  0.653 36.463 0
 0.000  0.449 42.245  0.123  0.587 43.748  0.170  0.516 44.857  0.000  0.247 44.659  0.484  0.000 44.901 0
 0.000  0.463 45.566  0.000  0.393 45.251  0.000  0.897 45.551  0.507  0.948 45.851  0.000  0.452 45.490 1
 0.000  0.664  9.957  0.365  0.000 10.140  0.495  0.144 10.025  0.759  0.000 10.404  0.252  0.115 10.313 0
 0.949  0.000 34.545  0.609  0.166 34.412  0.000  0.671 33.876  0.000  0.838 33.205  0.000  0.875 32.505 0
 0.734  0.105  3.983  0.751  0.000  4.359  0.000  0.875  4.659  0.689  0.854  4.959  0.133  0.398  4.640 0
 0.000  0.277 11.276  0.000  0.289 11.045  0.975  0.082 10.979  0.109  0.794 10.344  0.000  0.491  9.951 0
 0.975  0.000 31.304  0.832  0.000 31.720  0.000  0.355 31.435  0.000  0.748 30.837  0.002  0.478 30.454 0
 0.053  0.203 41.869  0.299  0.172 42.994  0.471  0.000 44.453  0.000  0.517 44.040  0.000  0.830 43.376 0
 0.747  0.000 22.324  0.000  0.986 21.535  0.000  0.499 21.136  0.436  0.061 21.087  0.638  0.136 20.978 0
 0.525  0.160 35.734  0.986  0.000 36.227  0.000  0.340 35.955  0.000  0.928 35.212  0.695  0.191 35.060 0
 0.000  0.504 26.926  0.000  0.763 28.105  0.314  0.000 29.773  0.000  0.586 29.304  0.914  0.000 29.761 0
 0.000  0.672  8.741  0.320  0.000  8.901  0.204  0.011  9.003  0.000  0.991 10.021  0.134  0.702 11.479 1
 0.849  0.002 20.539  0.671  0.000 20.874  0.726  0.082 20.809  0.000  0.507 22.278  0.000  0.332 23.281 0
 0.090  0.002 30.583  0.385  0.000 30.775  0.016  0.170 30.639  0.937  0.000 31.108  0.092  0.427 30.766 0
 0.152  0.462  3.747  0.000  0.327  3.485  0.720  0.000  3.845  0.179  0.477  3.463  0.636  0.000  3.781 0
 0.649  0.000 31.393  0.000  0.586 30.925  0.321  0.000 31.085  0.793  0.000 31.482  0.000  0.506 31.077 0
 0.000  0.402  4.703  0.000  0.999  3.904  0.039  0.459  4.961  0.111  0.208  6.128  0.034  0.927  5.386 0
 0.635  0.000  7.737  0.166  0.874  7.038  0.000  0.759  6.431  0.856  0.868  6.731  0.710  0.911  7.031 0
 0.000  0.220  4.574  0.000  0.700  5.825  0.000  0.744  6.827  0.499  0.000  7.077  0.018  0.547  6.639 1
 0.147  0.147 24.839  0.000  0.699 24.280  0.450  0.000 25.965  0.211  0.063 27.391  0.932  0.000 27.857 0
 0.339  0.000 42.699  0.095  0.966 41.927  0.660  0.000 42.256  0.000  0.877 42.556  0.165  0.858 42.856 0
 0.963  0.000  5.200  0.296  0.000  6.732  0.773  0.000  8.272  0.822  0.000  8.683  0.239  0.000  8.803 0
 0.000  0.347 22.841  0.000  0.390 22.529  0.000  0.862 22.829  0.113  0.895 23.129  0.123  0.443 22.774 0
 0.079  0.843 40.602  0.000  0.332 40.337  0.000  0.602 39.855  0.099  0.227 39.673  0.162  0.029 39.754 0
 0.000  0.888  3.559  0.777  0.000  3.947  0.132  0.640  3.435  0.813  0.000  3.842  0.479  0.113  3.751 0
 0.393  0.008 30.388  0.099  0.092 30.314  0.586  0.940 30.614  0.908  0.865 30.914  0.877  0.000 31.353 0
 0.000  0.876 16.199  0.945  0.000 16.672  0.951  0.139 16.560  0.970  0.117 16.466  0.788  0.000 16.860 0
 0.568  0.000 43.639  0.028  0.144 43.524  0.568  0.043 43.808  0.677  0.000 44.146  0.000  0.996 43.350 0
 0.458  0.000 25.871  0.000  0.999 25.071  0.717  0.000 25.430  0.000  0.401 26.734  0.254  0.000 28.301 0
 0.341  0.116 41.603  0.000  0.991 40.811  0.311  0.000 40.966  0.000  0.907 41.266  0.416  0.870 41.566 1
 0.236  0.125 47.607  0.000  0.690 47.056  0.476  0.092 48.620  0.187  0.352 50.194  0.399  0.000 50.393 0
 0.529  0.041 36.089  0.000  0.750 35.489  0.000  0.262 35.280  0.981  0.000 36.596  0.511  0.000 38.010 0
 0.037  0.189  9.786  0.000  0.474  9.406  0.000  0.709  8.839  0.129  0.726  8.258  0.000  0.669  7.724 0
 0.100  0.248 32.022  0.000  0.751 31.421  0.000  0.669 30.885  0.648  0.019 31.210  0.740  0.000 31.579 0
 0.511  0.000 26.812  0.613  0.000 27.119  0.625  0.000 27.431  0.000  0.553 29.126  0.000  0.430 30.422 0
 0.387  0.000 19.633  0.000  0.239 19.441  0.098  0.770 20.467  0.000  0.263 21.603  0.669  0.000 21.937 0
 0.515  0.182 39.487  0.643  0.185 39.339  0.369  0.136 39.230  0.108  0.177 39.088  0.123  0.008 39.149 0
 0.272  0.000  9.632  0.000  0.958  8.865  0.907  0.105 10.003  0.193  0.903 11.447  0.000  0.208 11.281 0
 0.276  0.087 38.169  0.172  0.949 37.409  0.000  0.626 36.909  0.000  0.892 37.209  0.141  0.904 37.509 0
 0.000  0.820 33.226  0.802  0.000 33.627  0.129  0.162 33.498  0.418  0.176 33.357  0.052  0.292 33.123 0
 0.000  0.723 26.015  0.147  0.203 25.853  0.752  0.000 26.229  0.480  0.858 26.529  0.443  0.897 26.829 0
 0.120  0.829  6.911  0.947  0.159  6.784  0.425  0.000  6.996  0.134  0.179  6.853  0.478  0.039  7.092 0
 0.000  0.860 12.234  0.676  0.937 12.534  0.107  0.912 12.834  0.436  0.000 13.052  0.731  0.000 13.418 0
 0.643  0.039 28.600  0.793  0.862 28.900  0.775  0.871 29.200  0.251  0.148 29.081  0.000  0.892 28.368 0
 0.849  0.000 36.216  0.168  0.344 35.940  0.577  0.000 37.554  0.932  0.061 38.866  0.000  0.628 38.364 0
 0.716  0.000 17.899  0.000  0.958 17.133  0.000  0.309 16.886  0.777  0.000 17.275  0.267  0.080 17.211 0
 0.012  0.684 46.791  0.000  0.743 46.197  0.000  0.934 46.497  0.000  0.901 46.797  0.107  0.064 46.745 0
 0.350  0.000 11.548  0.950  0.128 13.022  0.585  0.000 14.716  0.041  0.194 14.561  0.201  0.144 14.446 0
 0.474  0.000 42.527  0.617  0.000 42.835  0.000  0.476 42.454  0.930  0.900 42.754  0.000  0.874 43.054 0
 0.040  0.219 48.293  0.000  0.900 47.573  0.000  0.938 47.873  0.582  0.864 48.173  0.000  0.961 47.404 1
 0.000  0.382 34.916  0.000  0.400 34.596  0.554  0.000 34.873  0.153  0.653 34.350  0.914  0.000 34.807 0
 0.831  0.000 15.802  0.007  0.819 15.146  0.664  0.014 16.573  0.000  0.525 18.148  0.116  0.989 17.356 0
 0.159  0.545  8.527  0.000  0.885  7.819  0.086  0.853  7.137  0.023  0.887  7.437  0.000  0.881  7.737 0
 0.113  0.716 32.908  0.588  0.122 34.603  0.000  0.924 36.230  0.896  0.150 36.110  0.059  0.536 35.681 0
 0.890  0.000 19.472  0.000  0.657 18.946  0.803  0.011 19.348  0.706  0.000 19.701  0.376  0.054 19.658 0
 0.396  0.000 22.845  0.000  0.728 22.263  0.823  0.000 23.733  0.820  0.012 25.382  0.985  0.053 25.339 0
 0.842  0.073 34.291  0.000  0.704 33.728  0.160  0.946 34.028  0.989  0.889 34.328  0.610  0.004 34.634 0
 0.223  0.085 10.446  0.000  0.476 10.065  0.505  0.086  9.996  0.559  0.937 10.296  0.099  0.880 10.596 0
 0.439  0.000 38.625  0.000  0.300 38.384  0.459  0.000 38.614  0.136  0.492 38.220  0.234  0.000 38.337 0
 0.333  0.079 28.605  0.000  0.419 29.750  0.148  0.905 30.788  0.000  0.505 30.384  0.000  0.671 29.847 0
 0.017  0.076 35.283  0.197  0.035 35.381  0.124  0.919 34.646  0.227  0.097 34.569  0.000  0.626 34.068 0
 0.000  0.734 39.547  0.243  0.000 39.669  0.000  0.269 41.262  0.000  0.575 42.320  0.321  0.000 42.481 0
 0.958  0.168 19.253  0.426  0.053 19.210  0.281  0.000 20.564  0.000  0.215 21.832  0.000  0.450 21.472 0
 0.360  0.162 28.551  0.000  0.363 29.610  0.535  0.000 30.929  0.092  0.846 30.252  0.380  0.000 30.443 0
 0.943  0.007 36.754  0.499  0.178 36.612  0.544  0.136 36.503  0.105  0.006 36.555  0.240  0.139 36.444 0
 0.104  0.589 43.874  0.613  0.000 44.181  0.579  0.000 44.470  0.047  0.261 46.133  0.979  0.000 47.635 0
 0.816  0.000 38.888  0.152  0.936 39.188  0.000  0.866 39.488  0.000  0.374 39.188  0.787  0.000 39.582 0
 0.618  0.000 18.051  0.076  0.994 17.256  0.000  0.587 16.787  0.000  0.899 17.087  0.050  0.933 17.387 0
 0.000  0.844 24.311  0.000  0.606 23.826  0.056  0.421 23.489  0.499  0.909 23.789  0.076  0.879 24.089 0
 0.000  0.523 15.681  0.476  0.000 15.919  0.786  0.000 16.312  0.000  0.913 16.612  0.457  0.883 16.912 0
 0.000  0.282 28.906  0.000  0.429 28.563  0.460  0.000 28.793  0.000  0.244 28.597  0.468  0.000 28.831 0
 0.915  0.069 22.715  0.344  0.137 22.606  0.901  0.000 23.056  0.045  0.581 24.420  0.000  0.727 25.820 0
 0.366  0.091 33.146  0.710  0.000 33.501  0.176  0.987 32.711  0.735  0.000 33.078  0.068  0.377 32.777 0
 0.000  0.295 24.023  0.106  0.297 23.786  0.169  0.901 23.065  0.110  0.418 22.730  0.000  0.336 22.461 0
 0.181  0.241 45.432  0.431  0.008 45.648  0.582  0.000 45.939  0.000  0.452 45.577  0.000  0.364 45.285 0
 0.000  0.955 10.906  0.000  0.929 11.206  0.047  0.872 11.506  0.353  0.000 11.683  0.000  0.487 11.293 0
 0.000  0.740 47.154  0.000  0.819 46.499  0.127  0.930 46.799  0.000  0.921 47.099  0.448  0.000 47.323 1
 0.421  0.199 15.021  0.463  0.000 15.252  0.000  0.524 14.833  0.000  0.909 15.133  0.077  0.923 15.433 0
 0.812  0.000 36.671  0.000  0.800 36.031  0.000  0.793 37.153  0.137  0.650 38.504  0.531  0.000 38.769 0
 0.000  0.293 30.622  0.000  0.512 30.213  0.000  0.755 29.609  0.867  0.000 31.006  0.831  0.000 32.025 0
 0.000  0.766 38.848  0.000  0.441 38.495  0.129  0.301 39.971  0.059  0.275 41.232  0.928  0.000 41.696 0
 0.763  0.000 25.139  0.263  0.000 25.270  0.000  0.960 24.502  0.000  0.802 26.089  0.000  0.242 27.373 0
 0.047  0.440 32.897  0.000  0.981 33.945  0.518  0.000 35.007  0.741  0.000 35.378  0.045  0.011 35.198 0
 0.169  0.964 39.646  0.000  0.724 39.066  0.730  0.000 39.431  0.000  0.590 41.003  0.286  0.000 42.250 0
 0.583  0.078 36.535  0.088  0.679 35.991  0.211  0.896 36.291  0.941  0.865 36.591  0.810  0.000 36.996 0
 0.160  0.390 44.106  0.193  0.200 43.946  0.000  0.393 43.632  0.986  0.000 44.757  0.060  0.469 45.829 0
 0.006  0.187  7.410  0.982  0.000  7.901  0.000  0.745  7.305  0.761  0.927  7.605  0.880  0.856  7.905 0
 0.559  0.143 37.486  0.000  0.727 36.904  0.857  0.010 37.333  0.000  0.203 37.170  0.195  0.954 36.407 0
 0.782  0.000 41.906  0.154  0.826 41.245  0.000  0.429 40.903  0.858  0.141 40.789  0.501  0.000 41.040 0
 0.000  0.297 40.765  0.000  0.896 40.048  0.665  0.000 40.380  0.164  0.100 42.009  0.574  0.171 43.359 0
 0.000  0.987 33.830  0.362  0.000 34.011  0.454  0.016 34.238  0.000  0.450 35.838  0.355  0.000 37.128 0
 0.974  0.178 24.118  0.333  0.000 25.559  0.000  0.492 26.844  0.000  0.451 26.483  0.192  0.258 26.276 0
 0.000  0.342 10.436  0.284  0.132 10.331  0.000  0.895 10.631  0.492  0.923 10.931  0.000  0.964 10.160 1
 0.000  0.767 18.816  0.472  0.000 19.052  0.069  0.688 18.502  0.000  0.383 18.195  0.231  0.000 18.311 0
 0.131  0.638  7.392  0.000  0.764  6.781  0.743  0.093  6.707  0.020  0.565  6.255  0.000  0.497  5.857 0
 0.000  0.464 24.991  0.214  0.166 24.858  0.000  0.996 24.062  0.131  0.682 23.516  0.000  0.231 23.331 0
 0.200  0.620 13.902  0.810  0.000 15.035  0.861  0.000 16.261  0.000  0.537 15.831  0.000  0.611 15.342 0
 0.134  0.223  8.020  0.000  0.546  7.584  0.770  0.000  7.969  0.279  0.158  7.842  0.000  0.398  7.524 0
 0.016  0.664 35.534  0.152  0.054 37.070  0.328  0.184 38.480  0.204  0.000 38.581  0.000  0.590 38.110 0
 0.420  0.000 27.165  0.392  0.007 27.361  0.614  0.000 27.668  0.231  0.000 27.784  0.103  0.913 27.054 0
 0.091  0.045 16.649  0.309  0.000 16.804  0.236  0.000 16.922  0.000  0.268 16.707  0.096  0.146 16.590 0
 0.000  1.000 40.804  0.561  0.000 41.084  0.000  0.461 40.716  0.000  0.575 40.256  0.601  0.000 40.556 0
 0.396  0.110 22.653  0.354  0.000 22.831  0.000  0.853 23.131  0.638  0.900 23.431  0.000  0.578 22.968 1
 0.924  0.000 35.465  0.000  0.228 36.885  0.784  0.000 37.925  0.000  0.380 37.621  0.862  0.177 37.480 0
 0.000  0.473 41.266  0.982  0.000 41.756  0.776  0.932 42.056  0.000  0.900 42.356  0.439  0.175 42.216 0
 0.338  0.000 14.317  0.000  0.873 14.617  0.942  0.880 14.917  0.000  0.986 14.128  0.000  0.979 13.345 1
 0.811  0.020 47.561  0.795  0.198 47.403  0.511  0.000 47.658  0.000  0.262 47.448  0.101  0.814 46.797 0
 0.897  0.000 15.468  0.454  0.872 15.768  0.045  0.861 16.068  0.000  0.452 15.707  0.997  0.000 16.205 0
 0.000  0.205 10.028  0.410  0.059  9.981  0.195  0.938 10.281  0.000  0.894 10.581  0.901  0.052 10.540 0
 0.000  0.789  3.161  0.768  0.000  3.545  0.000  0.301  3.304  0.607  0.158  4.604  0.000  0.926  6.194 0
 0.000  0.906  5.488  0.857  0.165  5.356  0.000  0.374  6.464  0.000  1.000  8.019  0.944  0.000  8.491 0
 0.000  0.569 43.699  0.000  0.645 43.183  0.000  0.443 42.828  0.485  0.000 43.071  0.623  0.092 42.997 0
 0.000  0.861 19.290  0.562  0.000 19.570  0.851  0.029 19.996  0.000  0.625 19.496  0.010  0.850 18.816 0
 0.217  0.000 21.766  0.000  0.302 23.337  0.404  0.000 24.562  0.133  0.367 24.268  0.762  0.000 24.649 0
 0.134  0.535 24.158  0.464  0.000 24.390  0.000  0.361 24.101  0.247  0.000 25.421  0.894  0.000 26.946 0
 0.567  0.000  7.731  0.000  0.422  7.394  0.391  0.000  7.589  0.000  0.998  6.791  0.300  0.159  6.664 0
 0.671  0.000 39.608  0.947  0.000 40.082  0.154  0.709 39.515  0.066  0.899 38.796  0.290  0.145 38.680 0
 0.000  0.940 44.484  0.798  0.000 44.883  0.073  0.542 46.283  0.537  0.000 47.601  0.000  0.435 47.253 0
 0.000  0.734 37.722  0.128  0.940 36.969  0.480  0.133 36.863  0.000  0.411 38.366  0.821  0.088 39.673 0
 0.935  0.000 40.951  0.619  0.000 41.260  0.179  0.808 40.614  0.000  0.331 40.349  0.000  0.402 40.028 0
 0.000  0.682 13.338  0.503  0.150 13.217  0.654  0.000 13.544  0.969  0.083 13.478  0.000  0.757 12.872 0
 0.769  0.000 34.868  0.000  0.499 34.468  0.814  0.000 34.875  0.817  0.147 34.758  0.243  0.099 34.679 0
 0.380  0.085 21.435  0.000  0.540 22.748  0.000  0.673 24.012  0.879  0.000 24.452  0.351  0.000 24.627 0
 0.865  0.122 12.249  0.000  0.850 11.569  0.000  0.894 11.869  0.831  0.881 12.169  0.841  0.000 12.590 0
 0.010  0.623 20.731  0.615  0.887 21.031  0.000  0.943 21.331  0.101  0.989 20.540  0.000  0.570 20.084 0
 0.000  0.685 16.625  0.691  0.189 16.474  0.057  0.533 16.047  0.859  0.895 16.347  0.799  0.855 16.647 0
 0.000  0.696  7.837  0.088  0.289  7.606  0.000  0.505  7.202  0.303  0.000  8.360  0.000  0.241  9.771 0
 0.000  0.354 16.247  0.226  0.000 16.360  0.000  0.860 15.672  0.544  0.857 15.972  0.552  0.860 16.272 0
 0.000  0.910 34.248  0.365  0.000 34.430  0.119  0.161 34.302  0.777  0.888 34.602  0.018  0.871 34.902 0
 0.000  0.795 20.653  0.185  0.857 19.968  0.792  0.935 20.268  0.000  0.945 20.568  0.031  0.616 20.076 0
 0.747  0.000 18.831  0.000  0.985 20.339  0.000  0.994 21.428  0.008  0.996 20.631  0.694  0.000 20.978 0
 0.000  0.924 13.410  0.120  0.048 13.470  0.906  0.000 13.923  0.641  0.000 14.244  0.113  0.896 13.527 0
 0.655  0.000 12.439  0.000  0.403 12.116  0.000  0.626 11.616  0.000  0.987 12.874  0.099  0.713 14.384 0
 0.362  0.082 40.942  0.000  0.992 40.149  0.108  0.612 39.660  0.432  0.000 39.875  0.628  0.000 40.189 0
 0.526  0.185 31.930  0.116  0.062 31.880  0.106  0.544 31.445  0.375  0.000 31.632  0.543  0.000 31.904 0
 0.471  0.088 42.679  0.000  0.739 42.087  0.925  0.858 42.387  0.195  0.865 42.687  0.000  0.762 42.078 0
 0.884  0.004  8.288  0.926  0.909  8.588  0.000  0.854  8.888  0.236  0.118  8.794  0.000  0.740  8.202 0
 0.618  0.063 30.263  0.194  0.901 30.563  0.000  0.868 30.863  0.168  0.752 30.261  0.239  0.000 30.381 0
 0.000  0.563  8.716  0.637  0.000  9.034  0.153  0.512 10.110  0.000  0.660 11.445  0.000  0.972 10.668 0
 0.000  0.967 16.399  0.481  0.072 16.341  0.000  0.609 15.854  0.477  0.157 15.729  0.087  0.395 15.413 0
 0.000  0.657 33.493  0.304  0.920 33.793  0.896  0.937 34.093  0.000  0.904 33.370  0.796  0.000 33.768 1
 0.902  0.000 46.613  0.000  0.732 46.027  0.958  0.153 45.904  0.000  0.581 45.440  0.000  0.775 44.820 0
 0.000  0.289 46.668  0.000  0.891 45.955  0.760  0.948 46.255  0.809  0.894 46.555  0.000  0.813 45.905 0
 0.940  0.000 23.993  0.000  0.920 23.257  0.890  0.000 23.703  0.000  0.226 23.522  0.101  0.612 23.032 0
 0.000  0.783 44.162  0.060  0.331 43.897  0.926  0.000 44.360  0.000  0.393 45.540  0.000  0.473 46.918 0
 0.000  0.850 39.076  0.076  0.472 38.699  0.292  0.914 38.999  0.000  0.934 39.299  0.743  0.000 39.670 1
 0.031  0.727  9.857  0.522  0.932 10.157  0.012  0.941 10.457  0.000  0.226 10.276  0.093  0.689  9.725 0
 0.000  0.916 22.337  0.000  0.217 22.163  0.000  0.620 21.666  0.957  0.865 21.966  0.693  0.908 22.266 0
 0.302  0.070 35.180  0.063  0.710 34.612  0.000  0.953 36.033  0.104  0.580 37.416  0.000  0.260 37.208 0
 0.073  0.374 24.590  0.826  0.000 25.003  0.254  0.154 24.880  0.121  0.190 24.728  0.646  0.076 24.667 0
 0.292  0.000 28.547  0.000  0.776 27.926  0.000  0.652 28.946  0.000  0.356 30.495  0.000  0.636 29.986 0
 0.333  0.124  8.881  0.297  0.000  9.030  0.000  0.291  8.797  0.000  0.709  8.229  0.000  0.973  7.450 0
 0.554  0.000 15.053  0.355  0.000 15.231  0.681  0.056 15.186  0.025  0.950 15.486  0.000  0.882 15.786 0
 0.076  0.538 19.600  0.000  0.256 19.395  0.352  0.049 19.571  0.693  0.000 19.918  0.000  0.279 19.694 0
 0.008  0.470 37.717  0.445  0.000 37.939  0.000  0.874 38.239  0.000  0.929 38.539  0.847  0.000 38.962 0
 0.048  0.604 24.194  0.655  0.000 24.522  0.000  0.731 23.937  0.062  0.945 25.318  0.000  0.813 26.838 0
 0.244  0.000 40.181  0.086  0.417 39.848  0.760  0.000 40.228  0.144  0.311 39.979  0.804  0.000 40.381 0
 0.700  0.005 12.266  0.106  0.815 11.614  0.000  0.269 11.399  0.655  0.000 11.726  0.070  0.958 10.959 0
 0.000  0.782 16.987  0.205  0.000 17.090  0.122  0.670 16.554  0.878  0.004 16.993  0.977  0.000 17.481 0
 0.592  0.000 12.571  0.646  0.091 12.499  0.712  0.922 12.799  0.992  0.886 13.099  0.202  0.033 13.200 0
 0.969  0.041 47.213  0.650  0.189 47.062  0.000  0.562 46.612  0.000  0.576 46.152  0.000  0.268 45.937 0
 0.748  0.167 20.013  0.918  0.000 20.472  0.518  0.000 20.731  0.476  0.000 20.969  0.000  0.467 20.596 0
 0.094  0.970 46.235  0.049  0.615 45.743  0.000  0.598 45.264  0.657  0.000 46.743  0.528  0.000 47.825 0
 0.045  0.038 37.845  0.692  0.000 38.191  0.000  0.365 37.899  0.000  0.276 37.679  0.948  0.000 38.153 0
 0.000  0.575 41.367  0.000  0.883 41.667  0.244  0.887 41.967  0.994  0.115 41.875  0.000  0.594 41.399 1
 0.775  0.000 33.088  0.552  0.000 33.364  0.000  0.287 33.134  0.015  0.380 34.787  0.000  0.261 36.415 0
 0.845  0.000 21.337  0.792  0.183 21.191  0.578  0.000 22.333  0.000  0.436 23.905  0.000  0.646 23.389 0
 0.000  0.775 15.590  0.000  0.516 15.178  0.000  0.869 14.482  0.070  0.586 14.014  0.015  0.441 13.661 0
 0.000  0.623 30.824  0.000  0.948 31.124  0.786  0.943 31.424  0.870  0.000 31.859  0.452  0.119 31.764 1
 0.790  0.000 32.622  0.000  0.553 32.180  0.221  0.000 33.753  0.184  0.431 35.328  0.298  0.000 35.477 0
 0.772  0.000 32.359  0.777  0.000 34.058  0.025  0.908 35.758  0.132  0.112 35.668  0.000  0.615 35.176 0
 0.229  0.000 42.708  0.239  0.000 42.827  0.000  0.612 42.338  0.000  0.723 41.759  0.000  0.329 41.496 0
 0.953  0.000 45.702  0.262  0.891 46.002  0.244  0.859 46.302  0.880  0.000 46.741  0.621  0.000 47.052 0
 0.000  0.250 27.051  0.000  0.317 26.798  0.629  0.102 26.716  0.000  0.771 26.099  0.000  0.427 25.757 0
 0.000  0.561 33.246  0.018  0.977 32.464  0.496  0.000 32.712  0.110  0.906 33.731  0.621  0.001 35.271 0
 0.211  0.000  6.549  0.842  0.122  6.452  0.000  0.554  8.055  0.135  0.890  9.685  0.000  0.732  9.099 0
 0.253  0.192 42.628  0.000  0.696 42.071  0.555  0.008 42.349  0.237  0.000 42.467  0.000  0.301 42.226 0
 0.036  0.614 23.375  0.000  0.512 22.965  0.000  0.423 22.627  0.000  0.785 21.999  0.000  0.962 21.229 0
 0.183  0.016 34.860  0.650  0.871 35.160  0.006  0.949 35.460  0.576  0.000 35.747  0.559  0.000 36.027 1
 0.000  0.346 44.365  0.039  0.605 43.881  0.294  0.873 44.181  0.916  0.914 44.481  0.300  0.140 44.369 1
 0.625  0.000 15.035  0.000  0.304 14.792  0.902  0.036 15.243  0.167  0.955 14.479  0.211  0.000 14.585 0
 0.000  0.454 46.427  0.674  0.890 46.727  0.164  0.941 47.027  0.445  0.030 47.249  0.503  0.000 47.501 0
 0.000  0.812 16.531  0.000  0.880 15.828  0.000  0.298 15.589  0.691  0.000 15.934  0.383  0.000 16.126 0
 0.127  0.769 16.098  0.000  0.863 16.398  0.989  0.946 16.698  0.648  0.000 17.022  0.000  0.575 16.561 1
 0.735  0.000 14.165  0.844  0.000 14.587  0.027  0.438 14.236  0.669  0.000 14.571  0.412  0.000 14.776 0
 0.021  0.353 24.350  0.990  0.000 24.845  0.395  0.000 25.042  0.832  0.000 25.458  0.047  0.694 24.903 0
 0.700  0.000 24.447  0.365  0.905 24.747  0.000  0.931 25.047  0.983  0.181 24.903  0.653  0.000 25.229 0
 0.854  0.000 43.298  0.072  0.916 43.598  0.011  0.851 43.898  0.000  0.887 43.188  0.855  0.000 43.615 0
 0.577  0.000 14.753  0.001  0.573 14.294  0.000  0.438 13.943  0.592  0.000 15.080  0.000  0.210 16.243 0
 0.534  0.169 33.901  0.880  0.000 34.342  0.000  0.863 33.651  0.159  0.512 33.242  0.000  0.207 33.076 0
 0.000  0.807  9.805  0.495  0.000 10.052  0.000  0.679  9.509  0.000  0.898 10.996  0.866  0.000 12.588 0
 0.000  0.760 31.604  0.536  0.000 31.871  0.000  0.479 31.488  0.731  0.059 33.045  0.802  0.000 34.153 0
 0.000  0.302 21.094  0.594  0.162 20.964  0.000  0.391 20.651  0.213  0.000 22.218  0.706  0.000 23.296 0
 0.224  0.000  3.949  0.835  0.182  3.803  0.078  0.136  3.694  0.000  0.647  3.177  0.991  0.000  3.673 0
 0.555  0.154 13.159  0.961  0.022 13.639  0.020  0.096 13.563  0.314  0.872 13.863  0.960  0.896 14.163 0
 0.000  0.672 29.577  0.954  0.000 30.054  0.000  0.292 29.820  0.672  0.897 30.120  0.000  0.862 30.420 0
 0.835  0.000 29.813  0.906  0.000 30.266  0.171  0.600 31.459  0.999  0.157 32.781  0.000  0.687 32.232 0
 0.217  0.000 44.393  0.153  0.130 45.731  0.000  0.291 47.315  0.089  0.607 46.830  0.386  0.051 46.789 0
 0.000  0.481 27.704  0.423  0.000 27.915  0.000  0.930 28.215  0.519  0.889 28.515  0.000  0.746 27.919 0
 0.982  0.000 32.758  0.590  0.000 33.053  0.000  0.341 32.780  0.080  0.826 34.240  0.000  0.469 35.891 0
 0.447  0.102 14.430  0.381  0.038 14.620  0.407  0.000 14.824  0.000  0.376 14.523  0.122  0.176 14.382 0
 0.798  0.000  6.697  0.623  0.000  8.221  0.139  0.058  9.440  0.159  0.332  9.174  0.546  0.000  9.447 0
 0.592  0.000 32.167  0.000  0.858 31.480  0.886  0.130 31.376  0.695  0.121 33.035  0.302  0.000 34.409 0
 0.079  0.333 27.887  0.170  0.159 27.759  0.282  0.000 27.900  0.397  0.037 28.099  0.903  0.000 28.550 0
 0.000  0.396 39.581  0.000  0.502 39.180  0.059  0.424 38.841  0.000  0.953 38.079  0.130  0.436 37.730 0
 0.687  0.000 22.297  0.000  0.372 22.000  0.000  0.304 21.756  0.000  0.792 21.123  0.408  0.094 21.048 0
 0.754  0.176 39.837  0.000  0.921 39.100  0.246  0.145 38.984  0.000  0.712 38.415  0.440  0.000 38.635 0
 0.106  0.683 10.321  0.859  0.946 10.621  0.000  0.928 10.921  0.100  0.472 10.543  0.166  0.855  9.859 0
 0.000  0.704 19.715  0.000  0.807 19.069  0.222  0.000 19.180  0.251  0.000 20.556  0.815  0.000 21.610 0
 0.724  0.185  4.496  0.295  0.102  6.141  0.000  0.540  7.353  0.906  0.000  7.806  0.543  0.000  8.077 0
 0.726  0.000  9.487  0.396  0.882  9.787  0.000  0.902 10.087  0.015  0.175  9.947  0.148  0.345  9.671 0
 0.774  0.000 26.503  0.000  0.430 27.983  0.947  0.176 29.412  0.949  0.000 29.887  0.858  0.000 30.316 0
 0.000  0.810 34.249  0.634  0.000 35.806  0.076  0.864 37.165  0.000  0.894 36.449  0.444  0.076 36.388 0
 0.000  0.315  4.990  0.081  0.057  4.944  0.095  0.704  4.381  0.000  0.676  3.840  0.735  0.000  4.207 0
 0.582  0.000 38.594  0.494  0.000 38.841  0.000  0.950 40.398  0.658  0.000 41.468  0.243  0.057 41.423 0
 0.148  0.125 27.651  0.037  0.866 27.951  0.082  0.873 28.251  0.000  0.252 28.049  0.000  0.333 27.783 0
 0.000  0.973 43.219  0.000  0.661 42.690  0.000  0.307 43.990  0.000  0.301 45.440  0.000  0.801 44.800 0
 0.000  0.444  6.855  0.028  0.904  7.155  0.795  0.946  7.455  0.928  0.000  7.919  0.614  0.000  8.227 1
 0.075  0.362 34.717  0.468  0.000 34.952  0.714  0.170 34.816  0.000  0.982 34.031  0.462  0.000 34.261 0
 0.000  0.260 19.337  0.000  0.873 19.637  0.000  0.883 19.937  0.000  0.993 19.142  0.000  0.299 18.903 0
 0.548  0.000 47.835  0.415  0.121 47.738  0.212  0.000 47.844  0.000  0.351 49.513  0.000  0.598 51.180 0
 0.940  0.129 29.095  0.000  0.748 28.496  0.254  0.000 28.623  0.263  0.127 28.522  0.855  0.078 28.459 0
 0.105  0.903 30.187  0.568  0.000 30.471  0.000  0.650 29.951  0.000  0.251 29.750  0.565  0.000 30.032 0
 0.575  0.025 18.148  0.090  0.281 17.923  0.170  0.769 17.308  0.000  0.602 16.826  0.688  0.000 17.171 0
 0.387  0.186 25.643  0.000  0.929 25.943  0.000  0.873 26.243  0.000  0.217 26.069  0.641  0.000 26.390 1
 0.014  0.733 16.263  0.090  0.317 16.009  0.000  0.892 17.065  0.245  0.195 18.271  0.000  0.534 17.844 0
 0.000  0.307 33.787  0.453  0.000 34.014  0.431  0.143 33.900  0.150  0.961 33.131  0.765  0.000 33.514 0
 0.320  0.000 21.474  0.931  0.000 21.939  0.000  0.911 21.210  0.000  0.412 20.881  0.665  0.014 21.213 0
 0.183  0.131 28.054  0.000  0.322 27.796  0.207  0.000 27.900  0.757  0.000 28.278  0.000  0.923 27.540 0
 0.913  0.000 42.600  0.000  0.702 42.039  0.727  0.162 41.909  0.071  0.154 43.339  0.197  0.779 44.948 0
 0.952  0.000  9.506  0.000  0.816  8.852  0.378  0.000  9.041  0.697  0.000  9.390  0.026  0.792  8.757 0
 0.024  0.835 25.468  0.000  0.609 24.981  0.272  0.861 25.281  0.000  0.869 25.581  0.683  0.000 25.922 1
 0.933  0.000 49.884  0.951  0.872 50.184  0.805  0.897 50.484  0.137  0.397 50.166  0.000  0.754 49.563 0
 0.082  0.973  9.794  0.287  0.000  9.938  0.309  0.063 11.504  0.959  0.000 12.715  0.335  0.189 12.564 0
 0.385  0.000 22.947  0.137  0.099 22.867  0.643  0.000 24.161  0.778  0.000 25.351  0.000  0.883 24.645 0
 0.461  0.000 10.282  0.463  0.000 10.514  0.000  0.446 10.157  0.303  0.000 11.466  0.000  0.869 13.022 0
 0.248  0.070 13.842  0.647  0.908 14.142  0.525  0.850 14.442  0.604  0.000 14.744  0.307  0.074 14.685 0
 0.997  0.045 23.315  0.000  0.406 22.991  0.000  0.719 24.653  0.000  0.785 25.664  0.686  0.000 26.007 0
 0.743  0.000 21.348  0.000  0.908 21.648  0.109  0.906 21.948  0.477  0.000 22.187  0.476  0.000 22.425 0
 0.897  0.000 41.205  0.137  0.023 42.215  0.845  0.164 43.630  0.207  0.008 43.734  0.140  0.232 43.548 0
 0.397  0.026 36.860  0.696  0.094 36.785  0.941  0.000 37.255  0.964  0.138 38.932  0.862  0.000 40.008 0
 0.274  0.000  6.131  0.000  0.972  5.354  0.000  0.872  5.654  0.739  0.924  5.954  0.000  0.450  5.594 1
 0.841  0.000 15.837  0.000  0.747 15.239  0.666  0.186 16.365  0.174  0.850 17.781  0.313  0.002 17.937 0
 0.000  0.215 40.671  0.000  0.521 40.254  0.439  0.000 40.473  0.000  0.538 40.043  0.320  0.000 40.203 0
 0.199  0.420 25.712  0.057  0.060 25.664  0.375  0.000 25.852  0.034  0.415 27.025  0.455  0.000 28.699 0
 0.408  0.000 20.303  0.497  0.000 20.551  0.364  0.138 20.441  0.000  0.697 22.046  0.474  0.000 23.230 0
 0.000  0.630 32.425  0.545  0.030 32.697  0.475  0.010 32.934  0.000  0.927 33.234  0.921  0.936 33.534 0
 0.794  0.000 14.206  0.000  0.404 13.882  0.401  0.868 14.182  0.766  0.854 14.482  0.000  0.543 14.047 0
 0.000  0.828 46.117  0.358  0.000 46.296  0.000  0.829 45.633  0.000  0.538 45.202  0.000  0.814 44.551 0
 0.235  0.194 12.147  0.000  0.336 11.878  0.556  0.000 13.106  0.158  0.479 14.419  0.088  0.022 14.463 0
 0.747  0.046 34.423  0.609  0.000 34.727  0.483  0.030 34.969  0.000  0.891 35.269  0.000  0.882 35.569 0
 0.000  0.483 42.707  0.000  0.763 42.096  0.000  0.869 41.401  0.781  0.000 41.791  0.794  0.000 42.188 0
 0.490  0.044 37.972  0.000  0.746 39.205  0.000  0.696 40.553  0.000  0.690 40.001  0.196  0.144 39.886 0
 0.640  0.000 24.172  0.352  0.094 24.096  0.122  0.642 23.582  0.665  0.167 24.930  0.000  0.630 26.396 0
 0.345  0.000 31.310  0.881  0.000 31.750  0.370  0.073 31.692  0.791  0.881 31.992  0.827  0.869 32.292 0
 0.396  0.000 29.210  0.285  0.000 29.353  0.000  0.851 29.653  0.113  0.872 29.953  0.000  0.635 29.445 0
 0.000  0.812 23.698  0.889  0.000 25.022  0.348  0.000 26.022  0.000  0.690 25.470  0.075  0.790 24.837 0
 0.226  0.102 24.712  0.151  0.596 24.236  0.114  0.916 24.536  0.000  0.911 24.836  0.788  0.000 25.230 1
 0.310  0.000 45.970  0.000  0.760 45.362  0.256  0.000 45.490  0.000  0.883 45.790  0.000  0.877 46.090 0
 0.000  0.587 32.793  0.314  0.000 32.950  0.000  0.984 32.163  0.199  0.876 32.463  0.181  0.935 32.763 0
 0.377  0.058 23.613  0.707  0.182 23.467  0.000  0.735 22.879  0.734  0.000 23.246  0.324  0.050 23.408 0
 0.000  0.690 31.036  0.000  0.779 30.413  0.577  0.000 30.702  0.000  0.258 30.495  0.000  0.843 29.821 0
 0.082  0.698 19.182  0.287  0.162 19.052  0.258  0.000 19.181  0.750  0.855 19.481  0.090  0.920 19.781 0
 0.173  0.984  2.734  0.552  0.093  2.660  0.509  0.000  2.914  0.718  0.000  3.273  0.353  0.000  3.450 0
 0.111  0.892  6.396  0.012  0.098  6.317  0.000  0.868  5.623  0.000  0.922  5.923  0.000  0.853  6.223 0
 0.401  0.111 10.362  0.588  0.196 10.205  0.166  0.642  9.692  0.255  0.179  9.549  0.000  0.918  8.814 0
 0.062  0.904 12.720  0.000  0.917 13.020  0.089  0.934 13.320  0.186  0.214 13.149  0.540  0.127 13.047 0
 0.548  0.000 40.680  0.000  0.601 40.200  0.000  0.694 39.644  0.774  0.000 40.031  0.400  0.000 40.231 0
 0.000  0.523 32.240  0.000  0.750 31.640  0.626  0.000 31.953  0.000  0.949 31.194  0.000  0.453 30.832 0
 0.117  0.238 14.042  0.058  0.192 13.889  0.083  0.793 13.254  0.230  0.876 13.554  0.000  0.880 13.854 0
 0.924  0.000 24.945  0.535  0.000 25.213  0.000  0.458 26.412  0.715  0.024 27.469  0.127  0.327 27.208 0
 0.111  0.213 14.435  0.000  0.462 14.066  0.013  0.094 13.990  0.981  0.000 14.481  0.038  0.211 14.312 0
 0.724  0.000 10.851  0.000  0.423 10.512  0.000  0.912 10.812  0.000  0.878 11.112  0.607  0.000 11.416 0
 0.948  0.000  7.724  0.436  0.000  7.942  0.617  0.000  8.250  0.584  0.177  8.109  0.000  0.451  7.748 0
 0.000  0.578  9.087  0.000  0.673  8.548  0.535  0.000  9.813  0.138  0.662 11.087  0.000  0.661 10.558 0
 0.000  0.385 37.373  0.228  0.000 37.487  0.000  0.567 37.033  0.000  0.939 37.333  0.318  0.893 37.633 0
 0.016  0.981 22.013  0.000  0.854 22.313  0.000  0.942 22.613  0.000  0.332 22.347  0.000  0.614 21.856 0
 0.422  0.000 25.150  0.275  0.000 25.288  0.614  0.900 25.588  0.000  0.926 25.888  0.110  0.868 25.194 0
 0.000  0.528 24.261  0.000  0.884 24.561  0.575  0.933 24.861  0.625  0.092 24.788  0.639  0.177 24.646 1
 0.576  0.170 25.064  0.000  0.840 24.392  0.000  0.897 24.692  0.160  0.926 24.992  0.379  0.173 24.854 0
 0.466  0.000  7.132  0.576  0.000  8.166  0.480  0.000  9.708  0.146  0.894  8.993  0.000  0.956  8.228 0
 0.000  0.296 27.599  0.213  0.000 27.706  0.984  0.000 28.198  0.000  0.739 29.876  0.712  0.000 31.076 0
 0.000  0.273 44.375  0.884  0.000 44.817  0.689  0.059 44.770  0.000  0.950 44.011  0.833  0.000 44.427 0
 0.000  0.320 24.247  0.126  0.608 23.760  0.025  0.762 23.151  0.000  0.379 24.341  0.481  0.014 25.948 0
 0.000  0.556 32.220  0.709  0.000 33.449  0.970  0.000 34.968  0.000  0.582 34.503  0.040  0.455 34.139 0
 0.536  0.154 42.721  0.000  0.253 42.519  0.956  0.000 42.997  0.843  0.163 42.866  0.000  0.287 42.637 0
 0.452  0.106  6.171  0.047  0.805  5.527  0.000  0.594  5.051  0.355  0.055  5.008  0.714  0.000  5.364 0
 0.000  0.618 12.801  0.916  0.093 14.481  0.333  0.075 15.763  0.156  0.006 15.841  0.686  0.000 16.184 0
 0.621  0.016 41.829  0.147  0.779 43.088  0.961  0.137 44.183  0.927  0.000 44.646  0.000  0.810 43.998 0
 0.129  0.012 19.257  0.210  0.098 19.178  0.000  0.843 18.504  0.511  0.000 18.759  0.000  0.546 18.322 0
 0.329  0.000 39.704  0.231  0.000 39.820  0.516  0.038 40.078  0.646  0.913 40.378  0.075  0.937 40.678 0
 0.671  0.000 43.679  0.000  0.949 44.853  0.300  0.000 46.210  0.470  0.199 46.051  0.022  0.529 45.628 0
 0.000  0.498 29.184  0.338  0.118 29.090  0.000  0.284 28.862  0.114  0.431 28.518  0.671  0.000 28.853 0
 0.627  0.000 30.767  0.577  0.000 31.056  0.000  0.422 32.192  0.081  0.718 33.800  0.000  0.806 33.155 0
 0.000  0.678 30.392  0.000  0.453 32.031  0.762  0.177 33.705  0.281  0.000 33.845  0.918  0.000 34.304 0
 0.856  0.000 35.174  0.000  0.204 35.010  0.834  0.184 34.863  0.532  0.877 35.163  0.000  0.851 35.463 0
 0.359  0.000 32.588  0.367  0.006 34.253  0.175  0.903 35.454  0.000  0.312 35.205  0.000  0.594 34.729 0
 0.000  0.544 25.979  0.000  0.783 25.353  0.186  0.053 25.310  0.000  0.941 24.557  0.482  0.000 24.798 0
 0.159  0.348 11.906  0.000  0.397 11.588  0.000  0.480 11.204  0.976  0.136 11.096  0.803  0.000 11.497 0
 0.746  0.000 23.657  0.369  0.000 23.842  0.000  0.813 24.889  0.361  0.000 25.917  0.000  0.819 25.262 0
 0.767  0.138 45.427  0.495  0.000 46.574  0.376  0.027 47.749  0.687  0.000 48.092  0.000  0.924 47.353 0
 0.426  0.000  9.709  0.281  0.000  9.849  0.509  0.000 10.104  0.000  0.878 10.404  0.825  0.876 10.704 0
 0.000  0.887  6.496  0.345  0.000  6.669  0.000  0.737  6.079  0.000  0.476  5.698  0.937  0.092  5.625 0
 0.719  0.144 38.071  0.152  0.641 37.558  0.031  0.591 37.085  0.323  0.000 37.246  0.563  0.000 37.528 0
 0.000  0.908 44.405  0.839  0.021 44.825  0.735  0.000 45.192  0.000  0.701 44.631  0.267  0.000 44.765 0
 0.212  0.000 17.768  0.787  0.000 18.162  0.000  0.543 17.727  0.841  0.000 18.148  0.828  0.000 18.562 0
 0.889  0.154 15.582  0.000  0.258 15.375  0.000  0.348 15.097  0.848  0.000 15.521  0.648  0.022 15.845 0
 0.188  0.908 40.429  0.000  0.818 39.775  0.000  0.863 40.075  0.566  0.922 40.375  0.561  0.000 40.655 1
 0.000  0.822 25.474  0.848  0.000 25.898  0.000  0.363 27.295  0.082  0.422 28.971  0.500  0.000 29.221 0
 0.704  0.154 36.188  0.000  0.636 35.679  0.650  0.000 36.004  0.107  0.758 35.397  0.000  0.565 34.945 0
 0.197  0.662 35.417  0.061  0.555 34.973  0.288  0.079 34.909  0.000  0.267 34.696  0.890  0.143 34.582 0
 0.000  0.451 28.520  0.704  0.000 28.872  0.000  0.798 30.529  0.102  0.328 32.065  0.000  0.943 31.310 0
 0.293  0.000 16.295  0.710  0.000 16.650  0.653  0.080 16.586  0.410  0.880 16.886  0.000  0.911 17.186 0
 0.187  0.871 19.878  0.685  0.000 20.221  0.000  0.839 19.549  0.000  0.824 20.708  0.591  0.000 22.182 0
 0.176  0.499 24.920  0.000  0.510 24.513  0.089  0.293 24.279  0.309  0.000 24.433  0.179  0.064 24.382 0
 0.708  0.000 20.351  0.051  0.277 20.129  0.015  0.796 19.492  0.000  0.765 18.880  0.787  0.000 19.274 0
 0.000  0.429 10.122  0.000  0.483  9.736  0.000  0.423  9.397  0.005  0.971  8.620  0.058  0.930  7.877 0
 0.000  0.583  9.792  0.861  0.000 10.222  0.609  0.148 10.104  0.426  0.018 10.317  0.134  0.093 10.242 0
 0.436  0.008 43.238  0.000  0.889 42.526  0.000  0.542 42.093  0.356  0.000 43.517  0.000  0.210 45.061 0
 0.645  0.000 43.398  0.772  0.078 43.336  0.768  0.929 43.636  0.000  0.874 43.936  0.928  0.000 44.400 0
 0.487  0.000 45.186  0.000  0.625 44.686  0.000  0.927 43.945  0.595  0.000 44.242  0.634  0.000 44.560 0
 0.710  0.000 14.669  0.927  0.000 15.132  0.071  0.449 16.519  0.000  0.324 18.187  0.000  0.424 17.848 0
 0.631  0.010 35.186  0.385  0.000 35.378  0.483  0.000 35.620  0.838  0.055 35.576  0.000  0.229 35.393 0
 0.775  0.000 49.545  0.076  0.194 49.390  0.056  0.002 49.418  0.000  0.396 50.649  0.000  0.784 51.924 0
 0.169  0.430 27.023  0.000  0.614 26.532  0.218  0.000 26.641  0.960  0.000 27.122  0.043  0.618 26.627 0
 0.529  0.000 21.032  0.589  0.000 21.327  0.109  0.402 21.005  0.527  0.000 21.269  0.000  0.720 20.693 0
 0.000  0.212 25.896  0.583  0.000 26.187  0.090  0.941 27.207  0.717  0.000 28.292  0.609  0.143 28.178 0
 0.713  0.136 40.003  0.095  0.003 41.015  0.002  0.775 42.262  0.160  0.897 41.545  0.359  0.035 41.725 0
 0.132  0.290  6.796  0.000  0.322  8.438  0.030  0.441  9.626  0.180  0.015  9.717  0.038  0.184  9.569 0
 0.000  0.392 12.578  0.154  0.771 11.961  0.150  0.486 11.572  0.048  0.181 11.427  0.252  0.000 11.553 0
 0.671  0.000 22.818  0.963  0.123 22.720  0.020  0.816 22.067  0.601  0.000 22.368  0.151  0.600 21.888 0
 0.000  0.896 22.579  0.997  0.864 22.879  0.000  0.854 23.179  0.052  0.279 22.955  0.000  0.980 22.171 0
 0.632  0.136  8.640  0.431  0.185  8.492  0.318  0.896  8.792  0.000  0.885  9.092  0.756  0.000  9.470 0
 0.039  0.856 34.439  0.200  0.859 34.739  0.000  0.863 35.039  0.177  0.151 34.918  0.763  0.084 34.851 1
 0.092  0.860 42.705  0.097  0.894 43.005  0.151  0.863 43.305  0.725  0.000 43.668  0.000  0.924 42.929 1
 0.000  0.559 24.940  0.040  0.197 24.783  0.316  0.076 24.722  0.000  0.283 25.733  0.000  0.860 27.105 0
 0.302  0.101  5.423  0.000  0.412  5.093  0.189  0.631  4.588  0.160  0.707  4.023  0.079  0.177  3.882 0
 0.054  0.048 48.699  0.103  0.106 48.614  0.269  0.000 50.216  0.502  0.008 51.546  0.771  0.000 51.931 0
 0.047  0.409 46.716  0.447  0.927 47.016  0.213  0.875 47.316  0.000  0.325 47.056  0.610  0.151 46.936 1
 0.051  0.503  7.335  0.000  0.801  6.694  0.000  0.219  6.519  0.786  0.861  6.819  0.444  0.946  7.119 0
 0.051  0.294  3.324  0.019  0.297  3.086  0.176  0.685  2.537  0.350  0.000  3.858  0.714  0.139  5.137 0
 0.826  0.000 11.525  0.678  0.126 11.424  0.000  0.343 11.150  0.000  0.652 10.628  0.570  0.005 10.913 0
 0.404  0.000 41.381  0.000  0.856 41.681  0.162  0.886 41.981  0.000  0.865 41.289  0.271  0.000 41.425 0
 0.000  0.283 10.950  0.358  0.000 11.129  0.000  0.940 12.675  0.488  0.000 14.184  0.772  0.000 14.570 0
 0.000  0.418 13.716  0.000  0.596 13.239  0.000  0.998 12.441  0.048  0.798 11.802  0.194  0.217 11.629 0
 0.000  0.907 28.395  0.000  0.285 28.167  0.126  0.735 27.579  0.055  0.573 28.803  0.472  0.000 30.178 0
 0.000  0.778 39.944  0.255  0.000 41.369  0.349  0.000 43.024  0.319  0.000 43.183  0.465  0.151 43.062 0
 0.169  0.382 27.662  0.097  0.021 27.710  0.152  0.226 27.530  0.000  0.302 27.288  0.000  0.489 26.897 0
 0.413  0.116 25.868  0.000  0.587 25.398  0.609  0.000 25.703  0.181  0.094 25.628  0.000  0.820 24.972 0
 0.312  0.007 25.098  0.000  0.734 24.511  0.329  0.144 25.687  0.000  0.693 26.795  0.000  0.228 26.613 0
 0.625  0.000 20.693  0.021  0.922 19.955  0.983  0.000 20.446  0.000  0.549 20.007  0.084  0.802 19.365 0
 0.008  0.759 20.965  0.330  0.000 21.130  0.652  0.000 21.455  0.136  0.645 20.939  0.287  0.000 21.083 0
 0.000  0.704  5.153  0.435  0.059  6.296  0.628  0.000  7.855  0.000  0.894  7.140  0.000  0.269  6.925 0
 0.000  0.788 18.131  0.531  0.135 19.217  0.205  0.006 20.512  0.310  0.000 20.667  0.171  0.655 20.143 0
 0.103  0.406  3.449  0.718  0.097  3.371  0.586  0.019  4.489  0.440  0.000  5.591  0.712  0.186  5.443 0
 0.000  0.984 23.763  0.445  0.000 23.986  0.000  0.965 23.214  0.951  0.000 23.690  0.324  0.000 23.852 0
 0.113  0.306 46.933  0.101  0.065 46.881  0.208  0.941 47.181  0.277  0.889 47.481  0.092  0.297 47.243 0
 0.067  0.172  8.134  0.000  0.390  7.822  0.784  0.000  8.214  0.000  0.681  7.669  0.703  0.031  8.020 0
 0.500  0.124 49.309  0.199  0.871 49.609  0.501  0.875 49.909  0.150  0.239 49.718  0.226  0.000 49.831 0
 0.000  0.895 47.863  0.982  0.093 49.027  0.169  0.464 50.212  0.000  0.654 49.689  0.076  0.468 49.315 0
 0.516  0.090  5.589  0.000  0.798  7.104  0.953  0.173  8.554  0.112  0.754  7.951  0.108  0.446  7.594 0
 0.000  0.287  4.444  0.706  0.113  4.354  0.000  0.908  3.628  0.000  0.589  3.156  0.215  0.086  3.088 0
 0.667  0.000 42.973  0.000  0.903 43.273  0.000  0.868 43.573  0.000  0.374 43.274  0.000  0.437 42.924 0
 0.000  0.705  7.987  0.039  0.567  7.534  0.303  0.000  9.050  0.000  0.927 10.401  0.844  0.000 10.823 0
 0.741  0.000 32.247  0.000  0.700 31.687  0.000  0.823 31.028  0.961  0.884 31.328  0.020  0.924 31.628 0
 0.455  0.000 40.640  0.000  0.502 40.239  0.732  0.000 40.605  0.000  0.876 40.905  0.338  0.911 41.205 0
 0.999  0.000  8.695  0.244  0.083  8.629  0.309  0.000  8.784  0.060  0.895  9.084  0.482  0.904  9.384 0
 0.000  0.923 19.262  0.797  0.854 19.562  0.000  0.914 19.862  0.263  0.000 19.994  0.123  0.384 19.687 0
 0.000  0.826 11.891  0.501  0.000 12.932  0.000  0.748 14.152  0.252  0.024 14.278  0.291  0.000 14.424 0
 0.057  0.313 35.953  0.552  0.000 36.229  0.000  0.431 35.883  0.000  0.308 35.637  0.187  0.415 35.305 0
 0.981  0.000  9.682  0.526  0.023  9.945  0.000  0.814  9.294  0.549  0.066  9.241  0.076  0.029  9.279 0
 0.323  0.000 37.213  0.000  0.755 36.610  0.000  0.791 35.977  0.000  0.934 35.229  0.000  0.399 34.910 0
 0.224  0.000 24.007  0.000  0.876 23.306  0.076  0.898 23.606  0.121  0.892 23.906  0.000  0.661 23.377 0
 0.676  0.148 11.486  0.166  0.066 11.434  0.233  0.000 11.550  0.000  0.296 11.313  0.079  0.972 10.535 0
 0.714  0.000 17.921  0.000  0.568 17.466  0.048  0.297 17.229  0.605  0.000 17.531  0.686  0.000 17.874 0
 0.985  0.000 11.539  0.322  0.915 11.839  0.484  0.889 12.139  0.566  0.000 12.422  0.802  0.000 12.824 0
 0.177  0.044 17.933  0.432  0.000 18.149  0.849  0.937 18.449  0.000  0.867 18.749  0.000  0.910 18.021 0
 0.268  0.000 22.323  0.000  0.294 23.386  0.000  0.562 24.540  0.000  0.586 24.071  0.219  0.080 24.007 0
 0.863  0.063 37.897  0.806  0.042 38.300  0.944  0.000 38.772  0.053  0.950 39.072  0.000  0.897 39.372 0
 0.197  0.413 34.950  0.021  0.148 34.831  0.000  0.975 34.051  0.000  0.771 33.435  0.893  0.160 33.307 0
 0.043  0.562 47.402  0.147  0.649 46.883  0.810  0.000 48.127  0.981  0.170 49.374  0.040  0.322 49.116 0
 0.030  0.615 39.716  0.673  0.000 40.867  0.000  0.374 42.300  0.128  0.416 41.967  0.873  0.000 42.404 0
 0.517  0.000 34.378  0.635  0.000 36.074  0.000  0.815 37.665  0.000  0.585 37.197  0.570  0.000 37.482 0
 0.637  0.000 38.950  0.854  0.153 40.507  0.452  0.000 41.768  0.000  0.896 41.051  0.903  0.000 41.503 0
 0.000  0.306 18.551  0.732  0.114 18.459  0.658  0.000 18.788  0.000  0.258 20.072  0.697  0.000 21.693 0
 0.158  0.071 31.230  0.191  0.418 30.895  0.980  0.036 31.385  0.732  0.000 31.751  0.000  0.426 31.410 0
 0.418  0.000 19.901  0.064  0.752 19.300  0.000  0.452 18.938  0.076  0.311 20.526  0.785  0.162 21.864 0
 0.000  0.463 21.760  0.609  0.000 22.064  0.725  0.000 22.427  0.696  0.105 23.765  0.000  0.884 24.975 0
 0.585  0.000 38.610  0.116  0.180 38.466  0.000  0.511 38.057  0.000  0.264 37.846  0.000  0.972 37.068 0
 0.244  0.073  6.633  0.040  0.401  6.312  0.153  0.010  6.388  0.000  0.925  6.688  0.385  0.947  6.988 0
 0.000  0.898 16.962  0.460  0.000 17.192  0.140  0.865 16.500  0.332  0.000 16.666  0.140  0.068 16.612 0
 0.000  0.205 24.960  0.000  0.434 26.146  0.000  0.278 27.171  0.000  0.363 26.881  0.567  0.000 27.165 0
 0.182  0.657 10.627  0.651  0.906 10.927  0.000  0.905 11.227  0.063  0.465 10.855  0.158  0.604 10.371 0
 0.000  0.801 27.116  0.544  0.000 27.388  0.462  0.000 27.619  0.000  0.923 28.894  0.836  0.000 30.390 0
 0.718  0.044  4.228  0.629  0.069  4.173  0.000  0.496  3.776  0.431  0.000  3.992  0.096  0.913  3.261 0
 0.000  0.298 17.425  0.000  0.406 18.547  0.020  0.161 19.629  0.366  0.004 19.812  0.000  0.855 19.128 0
 0.349  0.000  8.865  0.000  0.815  8.212  0.920  0.000  8.672  0.783  0.000  9.064  0.000  0.220  8.888 0
 0.793  0.000  4.972  0.321  0.000  5.133  0.000  0.226  4.952  0.000  0.252  4.751  0.997  0.000  5.249 0
 0.310  0.161 45.983  0.676  0.001 46.321  0.000  0.238 46.131  0.949  0.000 46.605  0.000  0.246 46.408 0
 0.529  0.000 35.487  0.000  0.400 35.168  0.000  0.439 34.816  0.000  0.933 36.322  0.000  0.563 37.806 0
 0.000  0.894  6.612  0.000  0.259  6.404  0.065  0.021  6.437  0.153  0.077  6.375  0.000  0.536  5.946 0
 0.115  0.530 46.931  0.749  0.000 47.306  0.618  0.000 47.615  0.954  0.000 48.092  0.114  0.576 47.631 0
 0.619  0.000 44.253  0.000  0.920 44.553  0.937  0.925 44.853  0.576  0.117 44.759  0.079  0.878 44.057 0
 0.841  0.100 30.761  0.000  0.934 31.061  0.337  0.859 31.361  0.000  0.489 30.970  0.000  0.401 30.650 0
 0.467  0.115 24.066  0.998  0.876 24.366  0.566  0.912 24.666  0.078  0.283 24.440  0.505  0.016 24.692 0
 0.317  0.000 21.009  0.570  0.000 21.294  0.089  0.837 20.625  0.858  0.089 20.554  0.736  0.000 20.922 0
 0.000  0.637  8.495  0.192  0.707  7.930  0.581  0.863  8.230  0.049  0.885  8.530  0.000  0.708  7.963 0
 0.000  0.734 26.096  0.000  0.852 26.396  0.000  0.909 26.696  0.536  0.171 26.559  0.855  0.000 26.987 1
 0.352  0.104 45.299  0.116  0.941 44.546  0.000  0.351 44.266  0.054  0.982 43.481  0.148  0.517 43.067 0
 0.276  0.000 10.241  0.239  0.000 10.360  0.000  0.942 10.660  0.036  0.947 10.960  0.000  0.661 10.431 0
 0.000  0.616 18.367  0.722  0.000 18.727  0.000  0.927 17.986  0.000  0.883 18.286  0.000  0.894 18.586 0
 0.000  0.826  6.308  0.742  0.000  6.679  0.580  0.000  6.970  0.000  0.931  7.270  0.943  0.853  7.570 0
 0.056  0.566 13.805  0.503  0.001 14.057  0.000  0.916 14.357  0.000  0.873 14.657  0.000  0.256 14.452 0
 0.812  0.000 15.106  0.736  0.185 16.629  0.000  0.237 18.103  0.528  0.000 18.367  0.288  0.000 18.511 0
 0.679  0.000 36.294  0.000  0.855 36.594  0.000  0.904 36.894  0.155  0.469 36.518  0.000  0.240 36.326 0
 0.915  0.000 38.166  0.714  0.000 38.523  0.046  0.419 40.092  0.000  0.585 41.620  0.000  0.757 41.015 0
 0.000  0.229  7.511  0.012  0.807  6.865  0.010  0.073  6.807  0.057  0.522  6.389  0.581  0.000  6.679 0
 0.515  0.093 10.505  0.400  0.000 11.630  0.000  0.414 12.752  0.014  0.415 12.421  0.984  0.000 12.912 0
 0.190  0.970  9.930  0.586  0.000 10.223  0.933  0.000 10.689  0.000  0.450 10.329  0.058  0.492  9.936 0
 0.632  0.000 34.570  0.000  0.964 35.696  0.000  0.762 36.993  0.281  0.188 36.843  0.555  0.145 36.727 0
 0.958  0.000 47.058  0.000  0.246 46.861  0.714  0.000 47.219  0.000  0.776 46.597  0.000  0.689 46.046 0
 0.016  0.128 26.082  0.372  0.057 26.037  0.797  0.000 26.436  0.087  0.923 25.697  0.000  0.748 25.099 0
 0.148  0.456 28.865  0.000  0.875 29.165  0.000  0.947 29.465  0.419  0.000 29.674  0.000  0.828 29.011 1
 0.200  0.000 48.454  0.028  0.141 48.342  0.000  0.872 48.642  0.000  0.883 48.942  0.043  0.592 48.468 0
 0.000  0.987  3.947  0.403  0.000  4.149  0.100  0.156  5.546  0.284  0.000  6.593  0.143  0.982  5.808 0
 0.000  0.979 39.040  0.646  0.000 39.363  0.544  0.881 39.663  0.019  0.878 39.963  0.655  0.000 40.290 0
 0.281  0.000 31.210  0.000  0.525 30.789  0.127  0.945 31.089  0.065  0.930 31.389  0.000  0.603 30.907 0
 0.497  0.000 24.354  0.000  0.657 23.829  0.986  0.119 23.734  0.533  0.862 24.034  0.000  0.861 24.334 0
 0.375  0.000 36.844  0.482  0.000 38.106  0.000  0.620 39.611  0.166  0.926 38.870  0.503  0.000 39.122 0
 0.142  0.920 41.589  0.847  0.028 42.012  0.862  0.000 42.443  0.000  0.715 43.847  0.554  0.000 45.315 0
 0.690  0.078 25.922  0.823  0.163 25.791  0.009  0.613 25.301  0.662  0.000 25.632  0.696  0.060 25.584 0
 0.483  0.081 41.843  0.385  0.000 42.036  0.000  0.855 41.351  0.460  0.000 41.581  0.957  0.000 42.060 0
 0.023  0.085 44.040  0.315  0.046 44.198  0.080  0.326 43.937  0.971  0.110 43.849  0.000  0.958 43.083 0
 0.000  0.411  7.093  0.000  0.647  6.575  0.698  0.000  6.924  0.787  0.039  7.318  0.000  0.869  6.623 0
 0.283  0.000 10.391  0.915  0.004 10.849  0.327  0.939 11.149  0.466  0.893 11.449  0.236  0.000 11.567 0
 0.000  0.428 48.131  0.548  0.000 48.405  0.545  0.000 48.678  0.171  0.928 48.978  0.610  0.926 49.278 0
 0.742  0.015 31.927  0.109  0.888 33.255  0.175  0.602 34.611  0.255  0.033 34.738  0.000  0.401 34.417 0
 0.183  0.579 42.278  0.924  0.903 42.578  0.000  0.898 42.878  0.000  0.725 42.297  0.000  0.382 41.991 0
 0.000  0.636 30.043  0.860  0.000 30.473  0.000  0.695 29.917  0.387  0.878 30.217  0.872  0.857 30.517 0
 0.641  0.012  7.409  0.184  0.894  7.709  0.186  0.944  8.009  0.973  0.000  8.495  0.943  0.000  8.967 0
 0.813  0.000 16.234  0.659  0.874 16.534  0.011  0.913 16.834  0.000  0.722 16.256  0.000  0.581 15.791 0
 0.273  0.026  7.573  0.291  0.100  7.493  0.000  0.882  7.793  0.187  0.892  8.093  0.446  0.000  8.316 0
 0.562  0.063 14.552  0.000  0.550 14.111  0.317  0.000 15.245  0.623  0.151 16.912  0.312  0.000 17.068 0
 0.553  0.134 19.639  0.439  0.000 19.859  0.881  0.000 20.299  0.033  0.668 21.911  0.499  0.000 23.402 0
 0.291  0.000 30.233  0.000  0.255 31.306  0.490  0.000 32.583  0.476  0.000 32.821  0.981  0.000 33.311 0
 0.504  0.000 36.156  0.000  0.835 35.487  0.996  0.027 35.985  0.000  0.506 35.581  0.056  0.439 35.230 0
 0.926  0.035 33.411  0.000  0.588 34.997  0.538  0.026 36.311  0.028  0.738 35.721  0.794  0.000 36.118 0
 0.717  0.000 30.825  0.000  0.879 32.054  0.541  0.014 33.203  0.393  0.147 33.086  0.620  0.000 33.395 0
 0.000  0.620  6.282  0.598  0.000  6.581  0.298  0.000  6.729  0.000  0.233  6.543  0.373  0.083  6.477 0
 0.099  0.456 23.156  0.015  0.176 23.015  0.000  0.677 24.105  0.000  0.217 25.524  0.092  0.848 24.846 0
 0.000  0.425 26.624  0.896  0.037 28.019  0.035  0.245 29.652  0.100  0.358 29.366  0.000  0.881 28.661 0
 0.000  0.849 39.468  0.476  0.000 39.706  0.000  0.915 40.006  0.000  0.907 40.306  0.007  0.789 39.675 0
 0.000  0.251 10.346  0.689  0.065 10.293  0.000  0.819  9.638  0.000  0.976  8.857  0.019  0.811  8.208 0
 0.797  0.048  4.446  0.757  0.184  6.094  0.079  0.629  7.103  0.094  0.660  6.574  0.000  0.865  5.882 0
 0.065  0.497 12.051  0.467  0.000 12.284  0.000  0.432 11.939  0.002  0.878 11.236  0.096  0.167 11.102 0
 0.150  0.434 25.322  0.030  0.270 25.106  0.840  0.000 25.526  0.274  0.000 25.663  0.477  0.089 25.592 0
 0.603  0.000  8.897  0.565  0.000  9.180  0.952  0.113  9.090  0.025  0.872  9.390  0.103  0.857  9.690 0
 0.921  0.000 30.895  0.425  0.000 31.107  0.000  0.500 30.707  0.000  0.825 30.048  0.242  0.000 30.168 0
 0.498  0.000 29.203  0.991  0.193 29.049  0.000  0.558 28.603  0.761  0.933 28.903  0.928  0.936 29.203 0
 0.525  0.000 40.010  0.491  0.094 39.935  0.705  0.160 39.807  0.000  0.856 39.122  0.002  0.770 38.506 0
 0.959  0.146 23.068  0.247  0.000 23.192  0.000  0.748 24.359  0.000  0.663 25.906  0.266  0.000 26.039 0
 0.105  0.903 41.595  0.518  0.000 41.854  0.303  0.000 43.262  0.129  0.063 44.283  0.852  0.000 44.709 0
 0.249  0.000 15.557  0.618  0.868 15.857  0.000  0.890 16.157  0.534  0.000 16.424  0.697  0.084 16.357 1
 0.332  0.000 43.343  0.258  0.087 43.274  0.000  0.986 42.484  0.145  0.141 43.763  0.494  0.000 44.782 0
 0.147  0.431 11.704  0.000  0.921 10.968  0.120  0.331 10.703  0.557  0.111 10.614  0.824  0.000 11.026 0
 0.654  0.000 15.938  0.463  0.000 16.170  0.055  0.528 15.747  0.501  0.059 17.096  0.000  0.394 18.328 0
 0.000  0.520 27.084  0.000  0.870 27.384  0.724  0.905 27.684  0.592  0.000 27.980  0.000  0.610 27.492 1
 0.000  0.406 40.651  0.961  0.099 40.572  0.000  0.820 39.916  0.192  0.882 40.216  0.000  0.910 40.516 0
 0.748  0.115 34.615  0.000  0.590 34.144  0.000  0.890 34.444  0.080  0.890 34.744  0.957  0.000 35.222 0
 0.000  0.209 41.988  0.000  0.569 41.532  0.000  0.360 42.696  0.856  0.148 43.706  0.074  0.797 43.068 0
 0.136  0.730 38.960  0.805  0.000 39.362  0.906  0.094 39.287  0.639  0.034 39.606  0.000  0.825 38.946 0
 0.000  0.617 11.404  0.043  0.712 10.835  0.696  0.000 11.183  0.847  0.879 11.483  0.735  0.939 11.783 0
 0.133  0.051 38.137  0.135  0.938 38.437  0.101  0.860 38.737  0.000  0.901 38.016  0.123  0.970 37.240 0
 0.976  0.000 43.643  0.408  0.928 43.943  0.546  0.920 44.243  0.000  0.874 43.544  0.752  0.000 43.920 0
 0.766  0.000 34.797  0.515  0.000 36.116  0.931  0.000 37.714  0.000  0.724 37.134  0.513  0.000 37.390 0
 0.105  0.800 25.293  0.716  0.000 25.652  0.050  0.409 25.324  0.000  0.413 24.994  0.000  0.992 24.200 0
