 0.625  0.000 22.222  0.000  0.997 21.425  0.686  0.917 21.725  0.000  0.876 22.025  0.000  0.355 21.741 0
 0.533  0.000 27.340  0.515  0.038 27.598  0.000  0.419 28.907  0.278  0.000 30.329  0.730  0.000 30.694 0
 0.000  0.228  8.564  0.814  0.000 10.008  0.000  0.451 11.115  0.000  0.912 10.385  0.000  0.223 10.207 0
 0.000  0.658 19.873  0.188  0.634 19.366  0.804  0.855 19.666  0.081  0.887 19.966  0.991  0.029 20.462 1
 0.909  0.000 36.476  0.950  0.153 36.353  0.347  0.000 36.527  0.341  0.932 36.827  0.031  0.880 37.127 0
 0.572  0.000  6.115  0.000  0.975  5.335  0.000  0.271  5.118  0.421  0.894  5.418  0.000  0.907  5.718 0
 0.000  0.954 20.111  0.847  0.000 20.535  0.038  0.817 19.881  0.000  0.303 19.639  0.000  0.680 19.094 0
 0.000  0.840 25.365  0.146  0.907 24.640  0.309  0.101 25.687  0.631  0.000 26.990  0.145  0.406 26.665 0
 0.530  0.180  4.858  0.000  0.238  4.668  0.473  0.903  4.968  0.000  0.872  5.268  0.450  0.000  5.493 0
 0.435  0.000 26.844  0.064  0.066 26.792  0.000  0.939 26.040  0.154  0.801 27.522  0.000  0.650 29.124 0
 0.889  0.000 14.413  0.000  0.303 14.171  0.242  0.006 14.292  0.000  0.220 14.116  0.590  0.000 14.411 0
 0.034  0.446 20.413  0.990  0.896 20.713  0.399  0.929 21.013  0.109  0.107 20.928  0.437  0.000 21.146 0
 0.000  0.389 24.142  0.980  0.860 24.442  0.158  0.911 24.742  0.736  0.000 25.111  0.098  0.989 24.319 1
 0.782  0.000 43.299  0.120  0.902 42.577  0.000  0.590 42.105  0.810  0.000 42.510  0.676  0.000 42.848 0
 0.000  0.339 33.699  0.000  0.639 33.188  0.000  0.999 34.679  0.763  0.000 35.745  0.042  0.895 35.029 0
 0.175  0.624  4.959  0.019  0.894  5.259  0.846  0.885  5.559  0.719  0.181  5.414  0.000  0.663  4.884 1
 0.000  0.579 37.128  0.844  0.920 37.428  0.564  0.863 37.728  0.000  0.770 37.112  0.207  0.000 37.215 0
 0.000  0.387 24.193  0.772  0.000 24.580  0.843  0.000 25.933  0.000  0.893 27.490  0.469  0.000 27.724 0
 0.078  0.284 38.138  0.053  0.551 37.697  0.000  0.209 37.530  0.297  0.037 38.879  0.787  0.000 40.295 0
 0.559  0.000 15.093  0.883  0.877 15.393  0.448  0.868 15.693  0.173  0.958 14.926  0.193  0.501 14.526 0
 0.565  0.000 35.703  0.000  0.611 35.214  0.000  0.907 35.514  0.275  0.933 35.814  0.000  0.532 35.389 0
 0.515  0.190 17.519  0.000  0.414 17.188  0.000  0.619 16.693  0.349  0.177 18.042  0.096  0.174 19.162 0
 0.560  0.050 25.401  0.462  0.000 25.631  0.642  0.019 25.952  0.072  0.295 25.716  0.163  0.403 25.394 0
 0.438  0.000 17.680  0.000  0.278 17.458  0.000  0.569 17.003  0.305  0.073 16.944  0.790  0.000 17.340 0
 0.404  0.092  7.843  0.911  0.000  8.298  0.479  0.037  9.436  0.594  0.148 10.872  0.172  0.935 10.124 0
 0.466  0.000 45.608  0.678  0.192 45.455  0.000  0.521 45.038  0.028  0.927 45.338  0.642  0.897 45.638 0
 0.000  0.818 16.442  0.000  0.459 16.075  0.000  0.254 17.159  0.189  0.685 18.718  0.034  0.955 17.954 0
 0.104  0.748 36.420  0.376  0.000 36.608  0.947  0.000 37.082  0.649  0.000 37.406  0.072  0.506 37.001 0
 0.000  0.813 42.795  0.240  0.938 43.095  0.000  0.892 43.395  0.000  0.890 42.683  0.000  0.268 42.468 0
 0.925  0.000 26.862  0.167  0.476 26.481  0.033  0.642 25.967  0.000  0.677 25.425  0.286  0.000 25.569 0
 0.100  0.842 10.820  0.699  0.079 10.757  0.000  0.959 12.390  0.000  0.786 13.567  0.000  0.684 13.020 0
 0.000  0.227 26.753  0.138  0.262 26.543  0.054  0.009 26.570  0.168  0.068 26.516  0.000  0.368 26.222 0
 0.209  0.186 48.176  0.058  0.116 48.083  0.165  0.864 48.383  0.337  0.887 48.683  0.029  0.683 48.137 0
 0.135  0.379 25.646  0.413  0.940 25.946  0.000  0.864 26.246  0.000  0.385 25.937  0.000  0.237 25.748 0
 0.071  0.439 30.750  0.400  0.000 30.950  0.000  0.352 30.669  0.038  0.401 31.746  0.000  0.934 33.151 0
 0.062  0.014 38.947  0.000  0.720 38.371  0.000  0.939 38.671  0.543  0.868 38.971  0.041  0.034 38.791 1
 0.000  0.929 23.993  0.000  0.874 24.293  0.208  0.922 24.593  0.626  0.145 24.477  0.206  0.000 24.580 1
 0.811  0.000  6.869  0.914  0.000  7.326  0.000  0.973  6.548  0.000  0.907  6.848  0.091  0.883  7.148 0
 0.229  0.000 43.886  0.000  0.347 43.608  0.100  0.635 43.100  0.000  0.925 43.400  0.980  0.877 43.700 1
 0.000  0.990 13.498  0.527  0.134 13.390  0.661  0.000 13.721  0.000  0.290 15.155  0.000  0.811 16.181 0
 0.000  0.839 42.000  0.000  0.393 41.686  0.633  0.000 43.025  0.803  0.129 44.286  0.292  0.141 44.173 0
 0.954  0.000 31.647  0.012  0.938 30.896  0.000  0.864 31.196  0.000  0.929 31.496  0.000  0.372 31.198 0
 0.994  0.000 14.585  0.280  0.000 14.725  0.000  0.425 14.385  0.237  0.874 14.685  0.256  0.930 14.985 0
 0.000  0.739 18.080  0.645  0.000 18.403  0.228  0.877 18.703  0.784  0.912 19.003  0.000  0.229 18.820 0
 0.000  0.807 25.504  0.221  0.000 25.615  0.734  0.000 27.163  0.866  0.000 28.571  0.696  0.000 28.919 0
 0.485  0.165 10.325  0.000  0.917 10.625  0.164  0.914 10.925  0.480  0.000 11.165  0.422  0.000 11.376 0
 0.104  0.772  6.721  0.828  0.000  7.134  0.973  0.000  7.621  0.255  0.000  8.630  0.402  0.003  9.683 0
 0.690  0.000 12.467  0.384  0.930 12.767  0.000  0.916 13.067  0.924  0.000 13.529  0.354  0.000 13.706 0
 0.009  0.792 12.749  0.000  0.237 12.560  0.000  0.822 11.903  0.141  0.900 12.203  0.000  0.902 12.503 0
 0.881  0.029 42.156  0.000  0.856 42.456  0.192  0.913 42.756  0.058  0.838 42.086  0.120  0.523 41.668 0
 0.959  0.000 37.780  0.120  0.919 38.080  0.522  0.930 38.380  0.292  0.000 38.526  0.119  0.317 38.272 0
 0.000  0.345  6.839  0.882  0.000  7.280  0.000  0.880  7.580  0.815  0.937  7.880  0.000  0.661  7.351 0
 0.672  0.005 10.795  0.000  0.308 10.549  0.865  0.184 12.081  0.134  0.111 13.199  0.661  0.000 13.530 0
 0.129  0.604 18.404  0.532  0.000 18.670  0.228  0.926 18.970  0.000  0.909 19.270  0.039  0.661 18.741 0
 0.272  0.000 47.230  0.757  0.165 47.098  0.924  0.087 48.532  0.427  0.000 49.930  0.694  0.024 50.277 0
 0.000  0.982 47.936  0.943  0.000 48.407  0.000  0.866 48.707  0.932  0.933 49.007  0.115  0.540 48.575 0
 0.361  0.123 28.181  0.888  0.000 28.625  0.000  0.820 27.969  0.224  0.852 28.269  0.612  0.935 28.569 0
 0.000  0.538  5.931  0.016  0.136  5.822  0.653  0.000  6.148  0.123  0.866  7.670  0.370  0.000  8.909 0
 0.000  0.636 44.541  0.000  0.532 44.115  0.000  0.911 44.415  0.000  0.928 44.715  0.057  0.144 44.599 0
 0.807  0.161 27.748  0.779  0.162 27.618  0.966  0.914 27.918  0.000  0.934 28.218  0.407  0.000 28.422 0
 0.000  0.868 44.014  0.000  0.550 43.574  0.756  0.022 44.983  0.545  0.003 46.151  0.331  0.000 46.317 0
 0.270  0.000 39.498  0.230  0.097 39.420  0.917  0.000 39.878  0.079  0.969 39.104  0.975  0.000 39.591 0
 0.334  0.019 27.789  0.659  0.000 28.883  0.000  0.268 30.532  0.331  0.000 30.697  0.000  0.369 30.402 0
 0.000  0.679 34.378  0.000  0.634 33.870  0.000  0.448 33.512  0.113  0.189 33.360  0.050  0.199 33.201 0
 0.000  0.210  5.684  0.000  0.596  5.207  0.585  0.898  5.507  0.000  0.904  5.807  0.000  0.280  5.583 0
 0.000  0.929 26.238  0.585  0.000 26.530  0.000  0.925 26.830  0.000  0.904 27.130  0.267  0.000 27.264 0
 0.466  0.000 37.950  0.000  0.450 37.590  0.000  0.891 37.890  0.000  0.900 38.190  0.000  0.223 38.011 0
 0.278  0.000 40.980  0.000  0.727 40.399  0.000  0.291 40.166  0.000  0.934 40.466  0.000  0.895 40.766 0
 0.081  0.593 34.593  0.100  0.212 34.423  0.177  0.267 34.210  0.000  0.358 35.889  0.000  0.450 37.583 0
 0.006  0.577 34.762  0.000  0.893 35.062  0.746  0.862 35.362  0.000  0.894 34.647  0.000  0.277 34.425 1
 0.880  0.198 35.355  0.671  0.140 35.243  0.083  0.673 34.704  0.726  0.000 35.067  0.000  0.924 34.328 0
 0.209  0.133  5.050  0.000  0.429  4.707  0.954  0.000  5.184  0.000  0.946  4.428  0.111  0.884  3.721 0
 0.195  0.642 47.446  0.159  0.756 49.059  0.231  0.183 50.262  0.000  0.414 49.931  0.348  0.000 50.105 0
 0.000  0.512 22.247  0.000  0.348 21.968  0.000  0.639 21.457  0.874  0.160 22.979  0.185  0.204 24.578 0
 0.067  0.028  8.067  0.840  0.168  7.932  0.000  0.867  8.232  0.000  0.870  8.532  0.000  0.735  7.944 0
 0.000  0.557  7.385  0.000  0.672  8.431  0.000  0.922  9.789  0.565  0.000 10.072  0.815  0.000 10.480 1
 0.416  0.000 36.036  0.859  0.000 36.466  0.000  0.835 35.797  0.000  0.838 37.343  0.444  0.000 38.563 0
 0.000  0.843 40.838  0.529  0.898 41.138  0.000  0.877 41.438  0.818  0.009 41.847  0.000  0.290 41.614 1
 0.000  0.919 11.633  0.000  0.525 11.213  0.992  0.923 11.513  0.546  0.920 11.813  0.145  0.437 11.463 0
 0.000  0.868 10.975  0.017  0.749 10.376  0.000  0.946 10.676  0.657  0.897 10.976  0.706  0.083 10.909 1
 0.536  0.000 36.261  0.027  0.943 35.507  0.384  0.147 35.389  0.127  0.299 35.150  0.194  0.555 34.706 0
 0.315  0.196  3.759  0.999  0.000  5.068  0.000  0.254  6.591  0.000  0.709  6.023  0.136  0.112  5.934 0
 0.808  0.000 18.120  0.092  0.224 17.941  0.254  0.000 18.068  0.409  0.883 18.368  0.278  0.936 18.668 0
 0.129  0.043 17.224  0.000  0.767 16.611  0.000  0.546 16.174  0.163  0.152 16.052  0.111  0.811 15.403 0
 0.072  0.868 21.004  0.000  0.434 20.656  0.000  0.921 20.956  0.267  0.882 21.256  0.000  0.891 20.544 0
 0.660  0.170 10.116  0.923  0.069 10.061  0.166  0.535  9.633  0.154  0.883  9.933  0.586  0.909 10.233 0
 0.392  0.000 18.621  0.895  0.936 18.921  0.000  0.873 19.221  0.462  0.046 19.452  0.000  0.485 19.064 1
 0.307  0.000 40.690  0.235  0.000 40.807  0.820  0.133 40.700  0.245  0.000 40.823  0.765  0.000 41.206 0
 0.000  0.737 36.137  0.427  0.089 36.066  0.993  0.933 36.366  0.000  0.890 36.666  0.000  0.253 36.463 0
 0.508  0.000 34.772  0.403  0.180 34.628  0.090  0.255 36.124  0.103  0.342 37.677  0.170  0.704 37.114 0
 0.000  0.999  4.855  0.884  0.000  5.297  0.549  0.000  5.572  0.756  0.000  6.830  0.967  0.000  8.517 0
 0.274  0.000 40.859  0.000  1.000 42.398  0.577  0.023 43.913  0.990  0.000 44.408  0.065  0.048 44.440 0
 0.091  0.092 31.226  0.000  0.618 30.731  0.000  0.203 30.569  0.000  0.901 29.848  0.612  0.000 30.154 0
 0.030  0.594 34.376  0.537  0.928 34.676  0.000  0.901 34.976  0.153  0.196 34.819  0.177  0.293 34.584 0
 0.085  0.959  7.242  0.117  0.573  8.309  0.000  0.566  9.471  0.255  0.000  9.598  0.123  0.586  9.129 0
 0.000  0.315 24.616  0.340  0.172 24.479  0.507  0.888 24.779  0.000  0.861 25.079  0.353  0.000 25.255 0
 0.342  0.000 31.964  0.000  0.926 32.264  0.019  0.871 32.564  0.000  0.585 32.096  0.286  0.072 32.038 0
 0.590  0.160 29.634  0.375  0.170 29.498  0.327  0.913 29.798  0.000  0.855 30.098  0.265  0.000 30.230 0
 0.778  0.000 39.225  0.544  0.000 39.498  0.785  0.000 41.194  0.918  0.000 42.231  0.943  0.000 42.703 0
 0.000  0.949 47.007  0.042  0.776 46.387  0.170  0.207 48.021  0.465  0.074 49.118  0.000  0.475 48.738 0
 0.000  0.604  9.146  0.849  0.000 10.527  0.386  0.000 12.192  0.514  0.000 12.449  0.802  0.000 12.850 0
 0.000  0.270 48.756  0.580  0.000 49.046  0.176  0.101 50.178  0.000  0.711 51.224  0.000  0.716 50.651 0
 0.599  0.000 10.135  0.000  0.949 10.435  0.135  0.898 10.735  0.539  0.000 11.005  0.712  0.000 11.361 0
 0.643  0.030 43.445  0.801  0.000 43.846  0.736  0.000 44.213  0.116  0.253 44.011  0.615  0.000 44.319 0
 0.205  0.000 15.986  0.755  0.879 16.286  0.000  0.872 16.586  0.000  0.365 16.293  0.128  0.203 16.131 0
 0.000  0.622 23.205  0.000  0.755 22.601  0.000  0.906 21.876  0.121  0.314 23.074  0.515  0.000 24.772 0
 0.304  0.122 30.918  0.000  0.655 30.394  0.447  0.859 30.694  0.207  0.920 30.994  0.000  0.981 30.209 0
 0.000  0.479 43.326  0.420  0.182 43.180  0.432  0.167 43.047  0.724  0.000 43.409  0.000  0.216 43.236 0
 0.177  0.829 45.533  0.079  0.913 46.934  0.880  0.000 48.408  0.000  0.247 48.211  0.000  0.778 47.589 0
 0.000  0.691 13.699  0.103  0.519 14.803  0.155  0.374 16.322  0.000  0.632 15.816  0.000  0.756 15.211 0
 0.006  0.908 42.862  0.351  0.000 43.037  0.107  0.251 42.837  0.000  0.483 44.333  0.091  0.054 45.830 0
 0.588  0.000 49.272  0.905  0.872 49.572  0.866  0.875 49.872  0.000  0.408 49.546  0.064  0.571 49.089 0
 0.000  0.269 39.713  0.233  0.158 39.586  0.308  0.000 40.596  0.617  0.000 41.894  0.232  0.000 42.010 0
 0.160  0.656  6.093  0.000  0.864  5.402  0.170  0.825  4.742  0.182  0.883  5.042  0.534  0.923  5.342 0
 0.613  0.000 22.412  0.152  0.528 21.989  0.980  0.000 22.479  0.987  0.000 23.715  0.355  0.000 25.283 0
 0.000  0.846 47.193  0.964  0.000 47.675  0.246  0.178 47.532  0.995  0.902 47.832  0.000  0.852 48.132 0
 0.911  0.000 21.265  0.197  0.929 21.565  0.000  0.927 21.865  0.500  0.000 22.115  0.335  0.000 22.282 0
 0.000  0.378 32.728  0.834  0.199 32.568  0.103  0.478 33.808  0.550  0.000 35.234  0.297  0.000 35.382 0
 0.000  0.296 13.312  0.000  0.492 14.737  0.119  0.909 15.747  0.412  0.177 15.605  0.228  0.000 15.720 0
 0.516  0.009 31.769  0.000  0.385 31.461  0.873  0.000 31.898  0.110  0.933 32.198  0.173  0.854 32.498 0
 0.086  0.589 28.615  0.000  0.219 28.440  0.607  0.931 28.740  0.656  0.893 29.040  0.465  0.047 29.273 0
 0.609  0.000 37.223  0.669  0.186 37.075  0.000  0.744 36.480  0.095  0.405 36.155  0.643  0.013 36.477 0
 0.000  0.961 19.987  0.057  0.620 21.316  0.815  0.062 22.363  0.000  0.238 22.173  0.000  0.892 21.459 0
 0.998  0.000 42.353  0.689  0.000 42.698  0.805  0.000 44.229  0.048  0.702 45.366  0.768  0.136 45.257 0
 0.799  0.000 29.424  0.000  0.869 29.724  0.975  0.861 30.024  0.969  0.000 30.509  0.441  0.000 30.729 0
 0.782  0.000 32.087  0.000  0.381 33.528  0.607  0.000 34.540  0.000  0.650 34.020  0.738  0.000 34.389 0
 0.000  0.976 33.534  0.000  0.885 32.826  0.569  0.921 33.126  0.052  0.863 33.426  0.018  0.377 33.125 0
 0.000  0.579 19.661  0.160  0.682 19.116  0.000  0.336 18.847  0.000  0.882 19.147  0.672  0.910 19.447 1
 0.000  0.547 24.910  0.000  0.854 24.227  0.484  0.000 25.801  0.000  0.215 26.881  0.000  0.637 26.371 0
 0.000  0.660 39.029  0.000  0.663 38.499  0.000  0.934 38.799  0.000  0.949 39.099  0.617  0.000 39.407 1
 0.019  0.252 28.121  0.018  0.867 28.421  0.000  0.948 28.721  0.581  0.000 29.011  0.141  0.428 28.669 1
 0.403  0.000 13.062  0.000  0.916 13.362  0.826  0.893 13.662  0.757  0.000 14.041  0.354  0.000 14.218 0
 0.106  0.684 36.584  0.226  0.000 36.696  0.000  0.347 36.419  0.000  0.858 36.719  0.088  0.909 37.019 0
 0.538  0.000 22.299  0.000  0.614 21.808  0.796  0.000 22.205  0.172  0.041 22.291  0.942  0.000 22.762 0
 0.814  0.000 44.766  0.000  0.943 45.066  0.178  0.909 45.366  0.095  0.957 44.600  0.228  0.000 44.714 0
 0.339  0.000 28.970  0.032  0.618 30.460  0.440  0.000 31.718  0.000  0.900 30.998  0.000  0.587 30.528 0
 0.245  0.000 36.699  0.178  0.360 36.411  0.241  0.090 36.339  0.256  0.891 36.639  0.308  0.889 36.939 0
 0.107  0.796 37.732  0.000  0.995 36.936  0.052  0.459 36.569  0.755  0.000 36.947  0.156  0.649 36.428 0
 0.000  0.729 37.744  0.388  0.000 37.937  0.000  0.488 37.547  0.128  0.228 37.365  0.000  0.755 36.761 0
 0.000  0.908 22.456  0.423  0.133 23.679  0.913  0.000 25.181  0.000  0.909 24.454  0.000  0.320 24.198 0
 0.000  0.917 40.083  1.000  0.000 40.583  0.000  0.658 40.056  0.347  0.193 41.397  0.000  0.364 42.620 0
 0.000  0.834 26.848  0.000  0.705 28.096  0.903  0.000 29.674  0.973  0.000 30.160  0.696  0.000 30.508 0
 0.561  0.000 20.899  0.793  0.000 21.296  0.000  0.841 20.623  0.000  0.806 21.665  0.612  0.000 22.820 0
 0.054  0.909 18.390  0.672  0.000 18.726  0.783  0.000 19.993  0.136  0.590 21.682  0.341  0.000 21.853 0
 0.000  0.777 31.657  0.000  0.406 31.332  0.608  0.143 31.218  0.000  0.667 30.684  0.000  0.214 30.512 0
 0.605  0.000 34.795  0.000  0.278 34.573  0.000  0.327 36.006  0.000  0.524 37.587  0.623  0.000 37.899 0
 0.000  0.759 30.668  0.543  0.026 30.940  0.001  0.920 30.204  0.000  0.930 30.504  0.852  0.927 30.804 0
 0.982  0.130 22.065  0.917  0.000 22.523  0.000  0.855 21.838  0.727  0.000 22.202  0.929  0.000 22.666 0
 0.838  0.000 18.066  0.140  0.902 18.366  0.000  0.864 18.666  0.061  0.479 18.282  0.022  0.503 17.880 0
 0.013  0.793 36.490  0.314  0.000 37.565  0.230  0.000 38.908  0.089  0.232 38.723  0.580  0.000 39.013 0
 0.059  0.945 29.621  0.422  0.000 29.832  0.157  0.860 30.132  0.000  0.914 30.432  0.000  0.962 29.662 0
 0.181  0.522 29.875  0.000  0.362 29.585  0.258  0.915 29.885  0.042  0.889 30.185  0.000  0.266 29.972 0
 0.080  0.465 18.413  0.410  0.919 18.713  0.143  0.886 19.013  0.209  0.193 18.859  0.000  0.549 18.420 0
 0.000  0.489  7.449  0.094  0.910  6.721  0.000  0.972  5.944  0.148  0.939  6.244  0.663  0.877  6.544 1
 0.262  0.000 26.560  0.759  0.127 26.459  0.093  0.546 28.129  0.000  0.285 29.518  0.401  0.000 29.719 0
 0.000  0.720 43.268  0.000  0.967 42.494  0.672  0.000 42.830  0.140  0.885 42.122  0.612  0.119 42.027 0
 0.000  0.639 17.471  0.900  0.000 17.921  0.153  0.870 18.221  0.373  0.905 18.521  0.738  0.000 18.890 0
 0.141  0.818 24.522  0.713  0.000 26.154  0.142  0.066 27.505  0.655  0.078 27.442  0.872  0.000 27.878 0
 0.654  0.000 39.464  0.310  0.000 39.619  0.000  0.815 38.967  0.000  0.286 38.738  0.391  0.000 38.933 0
 0.000  0.955  9.933  0.427  0.000 10.147  0.954  0.000 10.624  0.000  0.896 10.924  0.114  0.915 11.224 0
 0.541  0.000 37.276  0.926  0.018 37.739  0.097  0.928 36.997  0.000  0.603 36.515  0.000  0.880 35.811 0
 0.404  0.089 18.231  0.291  0.000 18.376  0.394  0.000 18.574  0.000  0.936 18.874  0.621  0.897 19.174 0
 0.000  0.541 24.466  0.000  0.910 24.766  0.035  0.920 25.066  0.023  0.659 24.539  0.000  0.827 23.877 0
 0.062  0.416 20.814  0.969  0.000 21.298  0.000  0.826 20.638  0.000  0.485 21.893  0.000  0.480 23.174 0
 0.000  0.860 11.415  0.072  0.561 10.966  0.920  0.000 11.426  0.856  0.860 11.726  0.142  0.876 12.026 0
 0.841  0.000 20.426  0.105  0.243 20.231  0.089  0.103 20.149  0.911  0.000 20.604  0.547  0.011 20.878 0
 0.526  0.000 19.927  0.928  0.000 20.391  0.510  0.059 21.645  0.681  0.000 23.045  0.918  0.024 23.504 0
 0.000  0.462 42.823  0.641  0.000 43.143  0.656  0.000 43.471  0.829  0.188 44.928  0.000  0.249 46.482 0
 0.632  0.042 41.126  0.000  0.935 41.426  0.000  0.948 41.726  0.203  0.000 41.828  0.881  0.000 42.268 0
 0.000  0.705 30.000  0.004  0.691 29.447  0.000  0.542 29.014  0.897  0.865 29.314  0.899  0.892 29.614 0
 0.265  0.000 16.554  0.000  0.906 16.854  0.840  0.947 17.154  0.149  0.325 16.894  0.082  0.270 16.678 1
 0.780  0.000 44.298  0.000  0.468 43.924  0.013  0.936 44.224  0.245  0.931 44.524  0.249  0.087 44.454 0
 0.000  0.416 43.591  0.920  0.000 44.051  0.782  0.000 44.442  0.000  0.927 43.700  0.000  0.600 43.220 0
 0.174  0.017 29.113  0.335  0.874 29.413  0.000  0.918 29.713  0.000  0.893 28.999  0.647  0.000 29.322 1
 0.661  0.000 36.843  0.149  0.337 36.574  0.042  0.877 36.874  0.845  0.865 37.174  0.000  0.259 36.967 0
 0.688  0.186 21.876  0.000  0.454 21.513  0.854  0.879 21.813  0.349  0.917 22.113  0.114  0.039 22.170 0
 0.001  0.500 39.825  0.454  0.000 40.996  0.000  0.526 42.622  0.267  0.000 42.756  0.831  0.000 43.171 0
 0.000  0.568 14.393  0.914  0.000 14.850  0.000  0.936 14.101  0.265  0.094 14.026  0.000  0.318 13.772 0
 0.000  0.680 16.058  0.261  0.000 16.188  0.000  0.587 15.719  0.481  0.000 15.959  0.000  0.747 15.362 0
 0.000  0.805 13.708  0.000  0.752 13.106  0.770  0.052 13.064  0.538  0.000 14.310  0.000  0.902 15.376 0
 0.166  0.271  7.269  0.024  0.799  8.378  0.191  0.792  9.586  0.100  0.513  9.175  0.000  0.473  8.796 1
 0.000  0.854 28.365  0.675  0.000 28.703  0.714  0.000 29.060  0.015  0.082 30.605  0.000  0.559 31.904 0
 0.600  0.000 27.872  0.114  0.784 27.245  0.671  0.000 27.580  0.046  0.850 27.880  0.813  0.928 28.180 0
 0.167  0.988 26.077  0.063  0.047 26.108  0.489  0.000 26.353  0.628  0.000 26.667  0.000  0.432 26.321 0
 0.106  0.695 35.880  0.000  0.381 35.575  0.000  0.740 34.983  0.597  0.925 35.283  0.000  0.857 35.583 0
 0.008  0.034  6.557  0.000  0.229  6.374  0.275  0.029  6.512  0.486  0.000  7.699  0.000  0.788  8.887 0
 0.000  0.433 25.469  0.053  0.976 24.688  0.436  0.089 24.617  0.382  0.933 24.917  0.716  0.937 25.217 0
 0.000  0.266 32.137  0.949  0.000 32.611  0.530  0.000 34.219  0.102  0.290 35.899  0.000  0.996 35.102 0
 0.333  0.117  8.904  0.839  0.904  9.204  0.420  0.855  9.504  0.858  0.064  9.453  0.186  0.235  9.265 1
 0.260  0.055 23.371  0.213  0.000 23.478  0.950  0.001 23.953  0.665  0.152 23.831  0.969  0.025 24.316 0
 0.842  0.000 40.637  0.000  0.827 39.976  0.016  0.371 39.679  0.000  0.680 40.977  0.732  0.000 42.465 0
 0.051  0.695  8.925  0.806  0.000  9.328  0.967  0.932  9.628  0.686  0.903  9.928  0.000  0.275  9.707 0
 0.305  0.000 28.603  0.057  0.692 28.050  0.659  0.000 29.356  0.538  0.000 30.491  0.054  0.964 29.720 0
 0.074  0.579 45.837  0.906  0.880 46.137  0.192  0.927 46.437  0.323  0.000 46.599  0.536  0.000 46.867 0
 0.394  0.042 18.711  0.607  0.067 20.181  0.052  0.386 21.386  0.000  0.835 20.718  0.718  0.000 21.077 0
 0.307  0.006  5.619  0.674  0.000  7.249  0.000  0.289  8.533  0.826  0.000  8.946  0.525  0.154  8.822 0
 0.000  0.234 30.196  0.517  0.070 30.140  0.000  0.902 30.440  0.000  0.901 30.740  0.000  0.222 30.563 0
 0.000  0.361 38.022  0.636  0.909 38.322  0.000  0.891 38.622  0.465  0.040 38.855  0.197  0.405 38.531 1
 0.741  0.099 15.558  0.001  0.596 15.081  0.723  0.000 15.443  0.610  0.910 15.743  0.662  0.929 16.043 0
 0.081  0.455 35.472  0.945  0.886 35.772  0.817  0.899 36.072  0.745  0.000 36.445  0.000  0.202 36.283 0
 0.000  0.282  6.998  0.934  0.000  7.465  0.406  0.000  8.923  0.172  0.995  9.950  0.000  0.875  9.250 0
 0.000  0.681 46.992  0.603  0.873 47.292  0.809  0.864 47.592  0.935  0.129 47.488  0.000  0.847 46.811 0
 0.000  0.911 30.313  0.000  0.433 29.967  0.719  0.000 31.266  0.001  0.997 32.438  0.142  0.979 31.656 0
 0.589  0.014  4.488  0.000  0.886  4.788  0.000  0.949  5.088  0.185  0.329  4.825  0.134  0.221  4.648 0
 0.996  0.000 17.804  0.297  0.086 17.735  0.102  0.043 17.786  0.000  0.293 19.259  0.509  0.175 20.427 0
 0.120  0.469 33.597  0.000  0.901 33.897  0.833  0.929 34.197  0.323  0.126 34.096  0.000  0.423 33.757 1
 0.466  0.089 40.060  0.000  0.558 39.613  0.872  0.000 40.049  0.156  0.238 39.859  0.620  0.082 39.793 0
 0.214  0.000 44.348  0.000  0.536 43.919  0.000  0.967 43.146  0.000  0.717 44.709  0.379  0.000 45.880 0
 0.000  0.364 37.505  0.453  0.000 37.731  0.000  0.590 37.259  0.000  0.471 36.883  0.398  0.000 37.081 0
 0.000  0.491 20.679  0.120  0.556 20.234  0.148  0.699 19.675  0.483  0.880 19.975  0.000  0.898 20.275 0
 0.000  0.828 10.202  0.657  0.000 10.531  0.253  0.142 10.418  0.067  0.040 10.451  0.819  0.057 10.405 0
 0.000  0.263  7.772  0.000  0.859  7.085  0.000  0.514  6.674  0.010  0.822  8.105  0.308  0.000  9.612 0
 0.093  0.448 44.752  0.661  0.000 45.082  0.039  0.553 44.640  0.000  0.739 46.061  0.054  0.190 47.676 0
 0.000  0.480 17.542  0.000  0.500 17.142  0.296  0.151 17.021  0.471  0.879 17.321  0.995  0.891 17.621 1
 0.000  0.977  3.134  0.000  0.867  3.434  0.000  0.871  3.734  0.848  0.000  4.158  0.467  0.000  4.392 1
 0.684  0.000 42.677  0.320  0.000 42.837  0.441  0.000 43.057  0.000  0.494 42.662  0.000  0.927 41.921 0
 0.125  0.102  3.769  0.603  0.000  4.070  0.486  0.172  3.933  0.570  0.878  4.233  0.619  0.879  4.533 0
 0.539  0.000 33.196  0.850  0.000 33.620  0.000  0.283 33.394  0.179  0.930 33.694  0.806  0.929 33.994 0
 0.436  0.000 22.078  0.026  0.543 21.643  0.433  0.000 22.691  0.102  0.225 24.175  0.739  0.000 24.545 0
 0.870  0.173 40.359  0.630  0.000 41.728  0.048  0.256 43.395  0.000  0.553 42.952  0.247  0.000 43.076 0
 0.112  0.637 45.232  0.000  0.949 45.532  0.426  0.897 45.832  0.444  0.000 46.054  0.445  0.000 46.277 1
 0.475  0.000 47.675  0.814  0.171 47.538  0.000  0.808 46.892  0.959  0.000 47.372  0.000  0.508 46.966 0
 0.365  0.000 22.357  0.013  0.068 22.302  0.544  0.000 22.574  0.375  0.010 22.762  0.000  0.488 22.371 0
 0.000  0.563  8.137  0.000  0.508  7.731  0.696  0.055  7.687  0.254  0.892  7.987  0.030  0.949  8.287 0
 0.057  0.536 25.812  0.155  0.858 26.112  0.000  0.885 26.412  0.000  0.522 25.994  0.626  0.000 26.307 1
 0.000  0.570 16.363  0.229  0.000 16.478  0.220  0.000 16.588  0.000  0.644 18.019  0.000  0.771 19.460 1
 0.633  0.099 27.064  0.500  0.000 27.314  0.476  0.000 27.552  0.938  0.930 27.852  0.247  0.862 28.152 0
 0.407  0.000 24.760  0.973  0.123 26.145  0.000  0.818 27.491  0.000  0.410 27.164  0.000  0.478 26.781 0
 0.000  0.649 19.901  0.000  0.899 20.201  0.000  0.950 20.501  0.266  0.000 20.634  0.000  0.403 20.312 0
 0.000  0.459 46.536  0.054  0.628 46.034  0.000  0.331 45.769  0.000  0.881 46.069  0.768  0.904 46.369 1
 0.000  0.412  4.680  0.000  0.387  4.370  0.175  0.654  3.847  0.564  0.000  5.217  0.066  0.788  6.671 0
 0.000  0.297 22.091  0.885  0.000 22.534  0.000  0.526 22.113  0.000  0.628 23.182  0.231  0.000 24.361 0
 0.380  0.000 18.369  0.000  0.378 18.066  0.005  0.865 18.366  0.093  0.901 18.666  0.364  0.000 18.848 0
 0.815  0.000  5.295  0.000  0.995  4.499  0.000  0.892  4.799  0.897  0.901  5.099  0.000  0.864  4.407 0
 0.035  0.592 11.920  0.765  0.000 12.302  0.742  0.127 12.201  0.008  0.282 11.976  0.118  0.901 11.255 0
 0.000  0.825 21.183  0.000  0.743 20.588  0.636  0.000 20.906  0.057  0.853 21.206  0.047  0.883 21.506 0
 0.980  0.034 17.238  0.425  0.916 17.538  0.678  0.898 17.838  0.000  0.205 17.675  0.000  0.935 16.926 0
 0.419  0.000 16.434  0.691  0.000 16.779  0.052  0.583 16.313  0.000  0.883 15.606  0.853  0.000 16.033 0
 0.615  0.000 47.568  0.787  0.851 47.868  0.000  0.893 48.168  0.018  0.732 47.582  0.057  0.520 47.166 0
 0.000  0.679 40.234  0.000  0.571 39.778  0.675  0.020 40.115  0.605  0.000 40.417  0.337  0.000 40.586 0
 0.117  0.491 18.477  0.584  0.937 18.777  0.000  0.910 19.077  0.229  0.087 19.007  0.693  0.000 19.354 1
 0.152  0.572  4.449  0.744  0.925  4.749  0.000  0.931  5.049  0.084  0.144  4.934  0.000  0.825  4.274 0
 0.878  0.000 24.797  0.643  0.000 25.929  0.428  0.000 27.586  0.823  0.000 27.997  0.467  0.187 27.848 0
 0.581  0.000 18.309  0.000  0.321 18.052  0.096  0.888 18.352  0.333  0.879 18.652  0.033  0.986 17.863 0
 0.518  0.000 37.421  0.000  0.687 39.064  0.000  0.615 40.417  0.686  0.000 40.759  0.360  0.000 40.939 0
 0.000  0.938 23.870  0.000  0.904 24.170  0.000  0.930 24.470  0.130  0.218 24.296  0.318  0.000 24.456 0
 0.000  0.667  3.097  0.172  0.724  2.518  0.641  0.929  2.818  0.432  0.883  3.118  0.000  0.760  2.510 0
 0.900  0.096 34.167  0.000  0.495 33.770  0.000  0.556 33.325  0.525  0.107 33.240  0.000  0.256 33.035 0
 0.541  0.000 31.606  0.749  0.094 31.531  0.204  0.000 31.633  0.000  0.375 31.333  0.000  0.493 30.938 0
 0.000  0.542 13.124  0.022  0.881 13.424  0.000  0.927 13.724  0.237  0.000 13.842  0.000  0.221 13.665 0
 0.000  0.886 37.285  0.322  0.000 37.446  0.000  0.250 37.246  0.408  0.941 37.546  0.222  0.888 37.846 0
 0.367  0.000 28.686  0.619  0.944 28.986  0.000  0.910 29.286  0.148  0.459 28.919  0.417  0.150 28.799 0
 0.802  0.000 40.221  0.104  0.698 39.663  0.274  0.171 39.526  0.008  0.207 40.608  0.000  0.905 41.800 0
 0.254  0.084 31.679  0.743  0.000 32.050  0.000  0.587 31.581  0.000  0.946 31.881  0.235  0.947 32.181 0
 0.000  0.725 34.338  0.473  0.000 34.575  0.422  0.105 34.491  0.000  0.865 34.791  0.837  0.939 35.091 0
 0.576  0.000 17.272  0.209  0.000 17.376  0.000  0.855 17.676  0.000  0.927 17.976  0.000  0.250 17.776 0
 0.410  0.000 26.874  0.914  0.000 27.331  0.192  0.520 26.915  0.273  0.122 26.817  0.000  0.958 26.050 0
 0.792  0.000 44.404  0.350  0.000 45.554  0.980  0.000 46.759  0.135  0.945 46.003  0.728  0.000 46.368 0
 0.000  0.237 44.348  0.000  0.902 44.648  0.686  0.886 44.948  0.578  0.000 45.237  0.337  0.185 45.089 1
 0.027  0.305 12.586  0.149  0.003 12.661  0.507  0.000 12.914  0.000  0.908 13.214  0.468  0.902 13.514 1
 0.142  0.087 32.643  0.538  0.000 32.912  0.124  0.308 32.666  0.000  0.845 31.990  0.887  0.004 32.433 0
 0.835  0.000 18.995  0.332  0.000 19.161  0.885  0.025 19.604  0.125  0.085 19.536  0.462  0.000 19.767 0
 0.000  0.715 18.684  0.037  0.201 18.524  0.540  0.917 18.824  0.278  0.856 19.124  0.033  0.220 18.948 0
 0.000  0.508 46.932  0.000  0.376 48.142  0.000  0.992 49.761  0.186  0.871 49.064  0.547  0.000 49.338 0
 0.000  0.983 11.624  0.000  0.640 11.112  0.972  0.139 11.001  0.193  0.085 10.933  0.583  0.051 10.892 0
 0.580  0.000 41.333  0.359  0.000 41.513  0.008  0.862 41.813  0.050  0.884 42.113  0.232  0.000 42.228 0
 0.166  0.238 25.086  0.106  0.437 24.736  0.000  0.629 25.768  0.491  0.000 27.439  0.468  0.000 27.673 0
 0.000  0.295 42.767  0.000  0.281 42.542  0.271  0.000 42.678  0.000  0.246 44.085  0.296  0.000 45.636 0
 0.000  0.809 29.757  0.000  0.256 31.120  0.000  0.655 32.626  0.931  0.000 33.092  0.837  0.000 33.510 0
 0.000  0.634 36.674  0.998  0.081 36.609  0.003  0.872 36.909  0.317  0.851 37.209  0.483  0.082 37.144 0
 0.000  0.448 19.480  0.462  0.000 19.711  0.000  0.833 19.045  0.000  0.716 18.472  0.776  0.000 18.860 0
 0.372  0.000 40.975  0.485  0.000 41.217  0.000  0.378 40.915  0.000  0.935 40.166  0.101  0.363 39.876 0
 0.000  0.335  5.080  0.000  0.946  5.380  0.834  0.943  5.680  0.945  0.000  6.152  0.037  0.184  6.006 1
 0.086  0.638 18.023  0.000  0.638 17.513  0.101  0.907 17.813  0.973  0.896 18.113  0.000  0.320 17.857 1
 0.704  0.000 15.285  0.550  0.000 15.560  0.000  0.888 15.860  0.739  0.927 16.160  0.077  0.017 16.198 0
 0.475  0.000 42.134  0.000  0.268 43.736  0.148  0.087 45.305  0.623  0.000 45.616  0.413  0.127 45.514 0
 0.485  0.000 11.238  0.000  0.981 10.452  0.434  0.000 10.670  0.627  0.919 10.970  0.000  0.933 11.270 0
 0.000  0.412  6.736  0.751  0.000  7.112  0.494  0.000  7.359  0.194  0.900  8.973  0.000  0.910 10.075 0
 0.632  0.000 19.370  0.941  0.000 20.927  0.000  0.284 22.191  0.333  0.000 22.358  0.825  0.179 22.214 0
 0.000  0.283 41.558  0.000  0.420 42.753  0.560  0.000 43.984  0.000  0.718 43.409  0.031  0.152 43.288 0
 0.413  0.000  9.374  0.519  0.000 10.825  0.348  0.000 12.024  0.000  0.993 11.229  0.040  0.101 11.148 0
 0.000  0.226 39.635  0.634  0.000 39.952  0.655  0.873 40.252  0.805  0.931 40.552  0.000  0.902 39.831 0
 0.000  0.325 46.970  0.468  0.000 47.204  0.249  0.000 47.328  0.989  0.000 47.823  0.921  0.000 48.283 0
 0.000  0.282  4.020  0.000  0.879  3.317  0.000  0.964  2.546  0.218  0.924  2.846  0.000  0.945  3.146 0
 0.985  0.056 37.244  0.603  0.000 37.546  0.000  0.553 37.103  0.000  0.307 38.205  0.000  0.662 39.276 0
 0.189  0.280  8.364  0.641  0.000  8.684  0.165  0.443  8.330  0.289  0.000  9.485  0.103  0.774 10.552 0
 0.548  0.000 38.660  0.000  0.937 38.960  0.000  0.898 39.260  0.852  0.000 39.686  0.002  0.058 39.639 0
 0.648  0.000  8.288  0.000  0.233  8.101  0.000  0.936  7.352  0.258  0.880  7.652  0.475  0.892  7.952 0
 0.898  0.000 20.910  0.724  0.873 21.210  0.050  0.855 21.510  0.000  0.505 21.106  0.064  0.909 20.379 0
 0.000  0.206 35.973  0.069  0.925 35.234  0.413  0.000 35.440  0.937  0.000 35.909  0.000  0.937 35.159 0
 0.316  0.000 35.197  0.039  0.115 35.105  0.000  0.543 34.671  0.000  0.445 34.314  0.786  0.000 34.707 0
 0.000  0.270 32.710  0.785  0.868 33.010  0.371  0.922 33.310  0.000  0.757 32.705  0.408  0.000 32.909 1
 0.997  0.000 41.191  0.448  0.000 42.193  0.433  0.117 43.534  0.000  0.690 42.982  0.000  0.509 42.574 0
 0.109  0.862 14.990  0.234  0.916 15.290  0.451  0.904 15.590  0.054  0.773 14.972  0.000  0.654 14.449 0
 0.000  0.291 37.268  0.000  0.858 38.889  0.857  0.000 40.298  0.567  0.000 40.581  0.000  0.265 40.369 0
 0.166  0.229 20.082  0.085  0.373 19.783  0.000  0.303 19.540  0.973  0.000 20.027  0.000  0.955 19.263 0
 0.705  0.000 11.258  0.000  0.887 11.558  0.028  0.870 11.858  0.000  0.299 11.618  0.000  0.735 11.030 0
 0.987  0.000 40.738  0.357  0.000 40.916  0.000  0.941 41.216  0.904  0.939 41.516  0.000  0.591 41.043 0
 0.409  0.000  7.036  0.154  0.762  6.426  0.000  0.807  5.781  0.000  0.663  6.899  0.000  0.847  8.209 0
 0.000  0.900 31.357  0.595  0.193 31.202  0.538  0.175 31.062  0.478  0.000 32.345  0.548  0.000 33.434 0
 0.017  0.524 11.321  0.599  0.000 11.621  0.884  0.027 12.838  0.000  0.553 14.215  0.000  0.792 13.581 0
 0.292  0.091 46.879  0.000  0.340 46.607  0.000  0.661 46.078  0.169  0.141 45.966  0.169  0.905 45.242 0
 0.639  0.114 39.044  0.232  0.000 39.160  0.880  0.000 39.600  0.637  0.000 39.918  0.000  0.427 39.577 0
 0.000  0.324 19.905  0.000  0.316 19.651  0.692  0.052 20.771  0.174  0.725 22.452  0.000  0.669 21.917 0
 0.363  0.000 11.843  0.330  0.000 12.008  0.000  0.765 11.397  0.000  0.689 10.845  0.167  0.804 10.202 0
 0.151  0.335 34.343  0.381  0.000 34.533  0.303  0.000 34.685  0.000  0.889 34.985  0.948  0.883 35.285 1
 0.058  0.482 21.692  0.716  0.000 22.049  0.000  0.613 21.559  0.000  0.852 20.877  0.000  0.881 20.172 0
 0.000  0.415 47.965  0.015  0.630 49.235  0.417  0.000 50.612  0.003  0.538 50.182  0.000  0.694 49.627 0
 0.065  0.484 20.110  0.000  0.710 19.542  0.083  0.956 20.904  0.000  0.810 22.459  0.910  0.000 22.913 1
 0.000  0.556 12.375  0.164  0.882 12.675  0.022  0.890 12.975  0.000  0.249 12.776  0.794  0.000 13.173 1
 0.000  0.880 32.061  0.184  0.540 33.499  0.119  0.247 35.178  0.189  0.733 34.591  0.000  0.214 34.420 0
 0.000  0.228 21.994  0.015  0.453 21.632  0.000  0.271 22.807  0.037  0.003 24.150  0.000  0.285 23.922 0
 0.188  0.117 26.860  0.000  0.691 27.960  0.000  0.572 29.572  0.468  0.000 29.806  0.017  0.968 29.032 0
 0.918  0.000 31.406  0.693  0.000 32.721  0.000  0.510 33.858  0.256  0.000 33.986  0.000  0.589 33.514 0
 0.198  0.803  8.243  0.313  0.000  9.325  0.791  0.156 10.925  0.024  0.238 10.734  0.000  0.279 10.511 0
 0.610  0.064 32.038  0.000  0.320 31.782  0.945  0.155 33.407  0.000  0.281 34.659  0.320  0.044 34.818 0
 0.579  0.000 29.205  0.000  0.769 28.589  0.373  0.000 28.776  0.628  0.000 29.090  0.000  0.333 28.824 0
 0.823  0.092 18.254  0.454  0.000 18.481  0.356  0.000 20.070  0.127  0.066 21.451  0.000  0.616 20.958 0
 0.897  0.000 44.861  0.134  0.752 44.259  0.000  0.911 44.559  0.142  0.942 44.859  0.830  0.161 44.730 0
 0.730  0.000 10.418  0.758  0.027 11.715  0.274  0.142 12.824  0.162  0.800 12.184  0.017  0.175 12.044 0
 0.000  0.390 10.659  0.210  0.000 10.764  0.929  0.042 11.229  0.000  0.296 10.992  0.458  0.000 11.221 0
 0.660  0.000  7.761  0.007  0.645  7.245  0.401  0.000  7.445  0.866  0.871  7.745  0.159  0.935  8.045 0
 0.000  0.628 24.717  0.601  0.000 25.017  0.669  0.000 26.372  0.000  0.287 27.680  0.447  0.000 27.903 0
 0.047  0.471  8.836  0.000  0.885  9.136  0.038  0.950  9.436  0.009  0.528  9.013  0.000  0.722  8.436 0
 0.272  0.193 11.200  0.112  0.252 10.999  0.810  0.000 12.220  0.000  0.559 13.396  0.597  0.000 13.695 0
 0.605  0.000 21.043  0.033  0.015 20.863  0.948  0.000 21.337  0.000  0.863 21.637  0.149  0.872 21.937 0
 0.092  0.115  9.887  0.107  0.259  9.680  0.989  0.029 10.175  0.342  0.000 11.849  0.000  0.754 13.421 0
 0.000  0.470 35.360  0.547  0.000 35.634  0.000  0.796 34.997  0.744  0.886 35.297  0.000  0.884 35.597 0
 0.000  0.421 23.420  0.000  0.757 22.814  0.249  0.905 23.114  0.097  0.919 23.414  0.449  0.115 23.322 0
 0.055  0.505  3.450  0.631  0.008  3.765  0.543  0.000  4.037  0.066  0.093  3.962  0.866  0.000  4.395 0
 0.000  0.227 21.831  0.160  0.269 21.616  0.000  0.756 21.012  0.000  0.737 20.422  0.847  0.000 20.846 0
 0.080  0.846 34.636  0.000  0.313 34.386  0.000  0.207 35.685  0.673  0.003 36.720  0.596  0.016 37.018 0
 0.000  0.348 35.827  0.826  0.127 36.836  0.950  0.000 38.324  0.885  0.000 38.766  0.117  0.508 38.360 0
 0.502  0.161 32.236  0.000  0.335 31.968  0.679  0.000 32.307  0.047  0.363 33.408  0.929  0.000 34.599 0
 0.047  0.359 40.955  0.421  0.903 41.255  0.023  0.942 41.555  0.165  0.264 41.344  0.678  0.134 41.237 1
 0.257  0.000 34.460  0.303  0.101 34.379  0.834  0.000 34.796  0.697  0.857 35.096  0.000  0.853 35.396 0
 0.000  0.619 34.049  0.278  0.000 34.188  0.000  0.398 33.870  0.618  0.915 34.170  0.879  0.856 34.470 0
 0.444  0.000 11.351  0.230  0.112 11.261  0.000  0.618 10.766  0.283  0.920 11.066  0.000  0.905 11.366 0
 0.000  0.983 13.366  0.190  0.875 13.666  0.202  0.880 13.966  0.000  0.374 13.667  0.745  0.024 14.039 1
 0.441  0.000  3.996  0.254  0.869  4.296  0.000  0.911  4.596  0.000  0.724  4.017  0.000  0.448  3.658 0
 0.074  0.739 45.253  0.620  0.000 45.563  0.668  0.000 45.897  0.537  0.937 46.197  0.000  0.932 46.497 0
 0.000  0.584 46.379  0.356  0.000 46.557  0.415  0.000 46.765  0.740  0.102 48.367  0.000  0.558 49.567 0
 0.711  0.038  6.934  0.882  0.000  7.375  0.673  0.884  7.675  0.821  0.942  7.975  0.763  0.000  8.357 0
 0.244  0.000 16.901  0.000  0.897 17.201  0.588  0.899 17.501  0.000  0.480 17.117  0.549  0.119 17.022 1
 0.379  0.151 32.325  0.000  0.211 32.156  0.229  0.100 32.076  0.000  0.367 33.406  0.856  0.091 34.866 0
 0.646  0.000 17.528  0.309  0.144 17.412  0.160  0.628 16.910  0.000  0.885 17.210  0.599  0.907 17.510 0
 0.000  0.406 42.814  0.000  0.849 42.135  0.868  0.000 43.772  0.780  0.000 45.008  0.801  0.000 45.409 0
 0.000  0.767 46.827  0.000  0.339 46.556  0.144  0.580 46.092  0.000  0.947 46.392  0.182  0.936 46.692 0
 0.098  0.894 25.379  0.478  0.000 25.619  0.000  0.943 25.919  0.346  0.909 26.219  0.000  0.950 25.459 0
 0.282  0.000 35.905  0.668  0.940 36.205  0.000  0.858 36.505  0.000  0.460 36.137  0.000  0.338 35.866 0
 0.000  0.669 21.192  0.090  0.143 21.078  0.000  0.376 20.777  0.178  0.301 21.809  0.000  0.823 23.327 0
 0.744  0.009 30.855  0.073  0.327 30.594  0.000  0.709 30.026  0.614  0.000 30.333  0.000  0.282 30.108 0
 0.352  0.000 23.680  0.016  0.153 23.558  0.000  0.893 23.858  0.295  0.917 24.158  0.000  0.684 23.611 0
 0.812  0.000  4.945  0.142  0.940  4.193  0.000  0.406  3.868  0.658  0.000  4.197  0.000  0.558  3.751 0
 0.000  0.266 24.630  0.000  0.890 23.918  0.883  0.000 24.360  0.240  0.000 25.379  0.000  0.919 26.762 0
 0.980  0.000 14.000  0.000  0.663 13.469  0.819  0.012 14.866  0.751  0.000 15.882  0.000  0.269 15.667 0
 0.364  0.000 35.143  0.086  0.933 35.443  0.905  0.901 35.743  0.362  0.000 35.924  0.748  0.000 36.298 1
 0.182  0.688 31.865  0.197  0.029 33.316  0.401  0.023 34.931  0.000  0.894 34.216  0.000  0.386 33.907 0
 0.000  0.286 21.456  0.505  0.000 21.709  0.113  0.591 21.236  0.956  0.193 22.805  0.000  0.865 23.921 0
 0.812  0.108 12.753  0.831  0.000 13.169  0.000  0.269 14.588  0.097  0.195 15.761  0.191  0.163 15.630 0
 0.703  0.000  4.956  0.177  0.667  6.268  0.021  0.072  7.651  0.873  0.000  8.088  0.000  0.781  7.463 0
 0.520  0.000 16.234  0.626  0.000 16.548  0.935  0.000 17.015  0.000  0.727 16.434  0.000  0.237 16.244 0
 0.872  0.000 18.445  0.160  0.815 19.612  0.000  0.927 21.139  0.000  0.232 20.954  0.972  0.000 21.440 0
 0.572  0.000 31.857  0.046  0.286 31.628  0.049  0.878 30.926  0.000  0.682 30.380  0.480  0.180 30.236 0
 0.557  0.000 42.521  0.456  0.000 42.749  0.784  0.057 42.703  0.380  0.177 42.561  0.421  0.000 42.772 0
 0.185  0.218 14.684  0.000  0.692 14.131  0.634  0.000 14.448  0.087  0.600 13.968  0.066  0.177 13.826 0
 0.000  0.584 13.769  0.000  0.922 14.928  0.000  0.984 16.101  0.000  0.606 15.616  0.744  0.032 15.988 1
 0.397  0.000 12.968  0.018  0.378 12.666  0.346  0.000 12.839  0.503  0.000 13.927  0.000  0.653 15.000 0
 0.000  0.476 10.691  0.000  0.234 11.726  0.707  0.000 12.814  0.872  0.000 13.250  0.000  0.687 12.701 0
 0.375  0.000 22.984  0.098  0.799 22.344  0.884  0.115 22.253  0.314  0.000 22.409  0.727  0.000 22.773 0
 0.592  0.000 15.938  0.000  0.438 17.557  0.188  0.904 19.071  0.221  0.000 19.181  0.286  0.025 19.324 0
 0.034  0.033 32.843  0.000  0.309 32.596  0.022  0.504 33.884  0.000  0.542 35.309  0.000  0.873 34.611 0
 0.919  0.000 40.787  0.000  0.849 40.108  0.000  0.626 41.684  0.343  0.000 42.742  0.961  0.188 42.592 0
 0.000  0.841 22.111  0.969  0.062 23.293  0.620  0.023 24.871  0.504  0.000 25.123  0.888  0.000 25.567 0
 0.169  0.539 14.781  0.165  0.710 14.213  0.407  0.008 14.417  0.555  0.083 14.350  0.842  0.000 14.771 0
 0.002  0.892  8.361  0.420  0.000  8.572  0.085  0.940 10.055  0.000  0.243 11.546  0.113  0.539 11.115 0
 0.648  0.169 47.493  0.218  0.000 47.602  0.945  0.000 48.075  0.109  0.366 47.782  0.386  0.000 47.976 0
 0.000  0.997 17.124  0.970  0.154 17.001  0.000  0.272 16.783  0.720  0.000 17.143  0.997  0.000 17.642 0
 0.553  0.000  8.228  0.080  0.876  7.527  0.894  0.000  7.974  0.191  0.261  7.765  0.025  0.867  7.072 0
 0.941  0.171 16.069  0.960  0.122 15.971  0.000  0.732 15.386  0.378  0.000 15.575  0.025  0.509 15.168 0
 0.303  0.000  5.348  0.563  0.109  5.261  0.498  0.170  5.125  0.000  0.271  4.907  0.886  0.000  5.350 0
 0.000  0.983 30.421  0.000  0.719 31.522  0.134  0.257 32.855  0.932  0.097 32.778  0.897  0.000 33.226 0
 0.240  0.000 35.527  0.907  0.897 35.827  0.223  0.857 36.127  0.000  0.301 35.886  0.000  0.334 35.619 0
 0.421  0.000 10.232  0.169  0.189 10.080  0.032  0.349  9.801  0.000  0.807  9.156  0.703  0.000  9.508 0
 0.000  0.382  3.510  0.327  0.000  3.673  0.000  0.250  3.474  0.737  0.012  3.842  0.884  0.133  3.736 0
 0.846  0.000 23.856  0.295  0.000 24.004  0.593  0.000 24.300  0.000  0.828 23.638  0.979  0.084 23.571 0
 0.897  0.000 30.414  0.000  0.329 30.151  0.109  0.938 30.451  0.727  0.881 30.751  0.668  0.000 31.085 0
 0.792  0.000 14.685  0.030  0.740 14.092  0.465  0.000 14.325  0.064  0.781 15.602  0.440  0.000 17.206 0
 0.323  0.181  6.220  0.326  0.882  6.520  0.066  0.860  6.820  0.000  0.804  6.177  0.084  0.831  5.512 0
 0.042  0.419  5.623  0.121  0.784  4.996  0.178  0.264  4.785  0.000  0.413  4.454  0.249  0.000  4.579 0
 0.334  0.000 23.672  0.481  0.933 23.972  0.299  0.892 24.272  0.689  0.000 24.616  0.655  0.000 24.944 0
 0.000  0.901 30.632  0.449  0.000 30.856  0.761  0.931 31.156  0.000  0.853 31.456  0.194  0.309 31.209 0
 0.000  0.207 26.229  0.739  0.083 26.162  0.111  0.606 25.678  0.612  0.941 25.978  0.475  0.912 26.278 0
 0.503  0.157 37.272  0.479  0.000 37.511  0.427  0.000 38.838  0.326  0.000 40.478  0.000  0.852 39.797 0
 0.924  0.000 37.694  0.341  0.000 37.864  0.841  0.000 38.984  0.091  0.748 40.001  0.430  0.056 39.956 0
 0.000  0.532 26.629  0.705  0.158 26.503  0.932  0.126 26.402  0.732  0.000 27.931  0.479  0.000 29.467 0
 0.250  0.126 30.804  0.000  0.613 30.313  0.646  0.000 31.614  0.000  0.593 33.133  0.377  0.158 33.007 0
 0.000  0.310 35.053  0.781  0.000 35.443  0.693  0.000 35.790  0.061  0.443 37.296  0.000  0.697 38.615 0
 0.000  0.857 45.636  0.000  0.536 45.208  0.838  0.000 45.627  0.304  0.929 45.927  0.000  0.855 46.227 0
 0.306  0.136 43.860  0.311  0.072 45.273  0.145  0.129 46.839  0.000  0.852 46.158  0.913  0.152 46.036 0
 0.540  0.000 42.839  0.037  0.811 42.190  0.000  0.904 42.490  0.510  0.886 42.790  0.674  0.000 43.127 0
 0.572  0.052 27.112  0.000  0.686 26.563  0.007  0.248 26.364  0.916  0.172 26.227  0.831  0.000 26.643 0
 0.159  0.429 28.701  0.000  0.285 28.473  0.164  0.557 28.028  0.000  0.284 29.243  0.960  0.000 30.920 0
 0.061  0.922 30.949  0.914  0.000 32.359  0.000  0.421 33.551  0.000  0.982 32.765  0.935  0.000 33.233 0
 0.370  0.000 37.358  0.150  0.014 37.432  0.000  0.899 37.732  0.128  0.888 38.032  0.130  0.058 37.986 0
 0.217  0.000 48.236  0.415  0.000 48.443  0.906  0.000 48.896  0.088  0.341 48.623  0.000  0.954 47.861 0
 0.808  0.113 46.818  0.864  0.160 46.690  0.000  0.874 46.990  0.822  0.869 47.290  0.287  0.000 47.434 0
 0.703  0.000 45.145  0.000  0.450 44.784  0.699  0.000 45.134  0.316  0.000 46.363  0.912  0.013 47.878 0
 0.110  0.316 12.872  0.000  0.310 12.624  0.289  0.000 13.946  0.792  0.000 15.200  0.000  0.299 14.961 0
 0.000  0.631 38.503  0.663  0.056 39.624  0.843  0.000 40.952  0.507  0.087 40.882  0.679  0.150 40.762 0
 0.000  0.775 38.389  0.808  0.000 39.820  0.000  0.320 41.017  0.828  0.000 41.432  0.000  0.461 41.063 0
 0.554  0.000  7.560  0.000  0.725  8.883  0.260  0.000 10.216  0.337  0.000 10.384  0.146  0.990  9.593 0
 0.984  0.155 40.266  0.149  0.198 41.816  0.000  0.628 43.255  0.000  0.487 42.865  0.198  0.408 42.539 0
 0.877  0.133 40.550  0.186  0.858 39.863  0.963  0.000 40.345  0.233  0.145 40.228  0.466  0.000 40.461 0
 0.922  0.070 37.972  0.795  0.000 39.169  0.118  0.254 40.678  0.000  0.908 39.951  0.525  0.000 40.213 0
 0.752  0.030 44.331  0.424  0.000 44.543  0.663  0.000 45.703  0.233  0.028 47.106  0.000  0.743 46.511 0
 0.000  0.225 45.690  0.000  0.795 46.799  0.727  0.000 47.956  0.371  0.000 48.141  0.156  0.664 47.610 0
 0.000  0.510 11.925  0.361  0.000 12.105  0.738  0.041 13.507  0.000  0.223 14.655  0.052  0.304 14.412 0
 0.998  0.073 48.062  0.250  0.000 48.187  0.044  0.997 47.389  0.767  0.917 47.689  0.000  0.852 47.989 0
 0.000  0.689 26.967  0.000  0.250 26.767  0.146  0.699 26.208  0.054  0.520 25.792  0.301  0.000 25.942 0
 0.483  0.000 44.167  0.974  0.033 45.263  0.000  0.243 46.735  0.612  0.005 47.041  0.000  0.507 46.636 0
 0.714  0.135 11.991  0.254  0.000 12.118  0.000  0.457 13.228  0.430  0.000 14.668  0.430  0.000 14.883 0
 0.264  0.087 38.607  0.467  0.000 38.840  0.000  0.732 40.353  0.000  0.689 41.900  0.235  0.153 41.777 1
 0.915  0.000 25.685  0.967  0.000 26.168  0.780  0.000 26.558  0.140  0.684 26.011  0.235  0.000 26.129 0
 0.260  0.000  9.486  0.000  0.432 10.659  0.174  0.328 11.989  0.510  0.000 12.244  0.441  0.184 12.097 0
 0.984  0.072 45.412  0.000  0.549 44.973  0.000  0.361 44.684  0.563  0.000 44.965  0.000  0.210 44.797 0
 0.000  0.395 32.845  0.394  0.000 33.042  0.000  0.863 33.342  0.000  0.950 33.642  0.145  0.615 33.150 0
 0.980  0.000 22.417  0.000  0.569 23.457  0.889  0.000 25.075  0.565  0.000 25.358  0.730  0.000 25.723 0
 0.000  0.515  5.355  0.000  0.964  4.584  0.144  0.893  4.884  0.000  0.912  5.184  0.000  0.882  4.478 0
 0.652  0.021 14.533  0.681  0.000 14.874  0.000  0.312 16.409  0.460  0.000 18.098  0.082  0.565 17.646 0
 0.933  0.133 23.724  0.152  0.139 23.613  0.000  0.761 23.005  0.000  0.400 24.440  0.690  0.000 26.059 0
 0.000  0.905  4.727  0.067  0.571  4.271  0.172  0.936  4.571  0.294  0.875  4.871  0.633  0.093  4.796 0
 0.000  0.685  4.768  0.372  0.000  4.954  0.000  0.440  4.602  0.308  0.888  4.902  0.000  0.907  5.202 0
 0.294  0.000 24.285  0.000  0.213 24.115  0.131  0.378 23.812  0.000  0.911 24.112  0.930  0.939 24.412 1
 0.071  0.303 33.571  0.525  0.000 33.834  0.279  0.043 33.973  0.290  0.000 34.118  0.108  0.601 33.637 0
 0.138  0.464 35.377  0.611  0.051 35.336  0.000  0.647 34.819  0.791  0.000 35.214  0.000  0.302 34.972 0
 0.549  0.000 18.349  0.673  0.000 18.686  0.000  0.724 18.106  0.328  0.871 18.406  0.281  0.942 18.706 0
 0.418  0.000  7.728  0.000  0.614  7.237  0.000  0.982  6.451  0.063  0.852  7.493  0.069  0.582  8.922 0
 0.044  0.937 36.013  0.576  0.119 35.918  0.353  0.000 36.094  0.000  0.852 36.394  0.381  0.901 36.694 0
 0.570  0.000 44.679  0.389  0.000 44.874  0.000  0.968 44.099  0.069  0.528 43.677  0.176  0.596 43.200 0
 0.000  0.744 22.056  0.000  0.677 21.514  0.467  0.050 21.748  0.000  0.931 21.003  0.755  0.022 21.380 0
 0.000  0.880 43.518  0.000  0.977 42.736  0.846  0.000 43.159  0.000  0.326 44.222  0.000  0.447 45.750 0
 0.395  0.027 20.848  0.000  0.511 20.440  0.603  0.000 20.741  0.321  0.000 20.902  0.124  0.359 20.615 0
 0.229  0.026 26.927  0.000  0.864 27.227  0.238  0.897 27.527  0.857  0.000 27.956  0.000  0.380 27.651 1
 0.000  0.324 34.471  0.000  0.243 34.277  0.542  0.000 34.548  0.723  0.888 34.848  0.000  0.901 35.148 0
 0.937  0.008 32.337  0.967  0.101 33.736  0.000  0.734 35.389  0.471  0.000 35.625  0.000  0.321 35.367 0
 0.000  0.321 47.741  0.932  0.000 48.208  0.761  0.000 49.768  0.001  0.708 51.317  0.096  0.640 50.806 0
 0.058  0.383 38.517  0.215  0.000 38.625  0.119  0.098 38.547  0.000  0.227 38.365  0.237  0.156 38.240 0
 0.000  0.820  8.638  0.896  0.120  8.542  0.554  0.000  8.819  0.000  0.236  8.630  0.300  0.000  8.780 0
 0.140  0.295 32.263  0.198  0.755 31.659  0.000  0.904 31.959  0.766  0.924 32.259  0.903  0.000 32.710 1
 0.047  0.009 14.215  0.691  0.000 14.561  0.000  0.621 16.045  0.056  0.369 17.590  0.000  0.541 17.158 0
 0.481  0.000 47.698  0.089  0.294 47.463  0.515  0.000 47.720  0.664  0.000 48.052  0.000  0.641 47.540 0
 0.000  0.449 10.975  0.592  0.000 11.272  0.000  0.304 11.029  0.699  0.105 10.944  0.269  0.161 10.816 0
 0.773  0.063 15.304  0.000  0.262 15.094  0.163  0.969 14.319  0.000  0.667 13.785  0.420  0.064 13.734 0
 0.380  0.000 23.989  0.000  0.854 24.289  0.575  0.851 24.589  0.000  0.980 23.805  0.000  0.241 23.613 1
 0.151  0.003 24.226  0.576  0.000 24.514  0.000  0.681 23.970  0.000  0.972 25.164  0.449  0.162 26.669 0
 0.000  0.806 16.957  0.000  0.296 16.720  0.620  0.888 17.020  0.852  0.941 17.320  0.000  0.369 17.025 0
 0.111  0.605 48.550  0.759  0.131 50.094  0.000  0.899 51.397  0.144  0.836 50.729  0.000  0.513 50.318 0
 0.590  0.100 49.245  0.611  0.000 49.550  0.000  0.655 49.027  0.000  0.778 50.263  0.146  0.245 51.289 0
 0.886  0.000 45.783  0.318  0.078 45.721  0.314  0.000 45.878  0.458  0.113 45.787  0.000  0.902 45.065 0
 0.093  0.642 41.134  0.255  0.000 41.262  0.000  0.893 41.562  0.763  0.861 41.862  0.072  0.030 41.898 1
 0.667  0.000 36.670  0.930  0.000 37.135  0.106  0.290 36.903  0.000  0.857 37.203  0.000  0.855 37.503 0
 0.529  0.000 37.898  0.085  0.403 37.575  0.813  0.000 37.982  0.376  0.152 39.562  0.000  0.990 40.606 0
 0.004  0.533  5.754  0.142  0.544  5.319  0.000  0.586  4.850  0.522  0.158  4.723  0.663  0.000  5.054 0
 0.817  0.000 20.955  0.501  0.000 21.206  0.000  0.893 21.506  0.719  0.915 21.806  0.614  0.000 22.113 0
 0.026  0.053 28.143  0.000  0.914 29.387  0.894  0.000 30.865  0.874  0.065 30.814  0.689  0.000 31.158 0
 0.534  0.064 37.943  0.000  0.418 37.608  0.936  0.000 38.076  0.363  0.008 38.258  0.136  0.564 37.806 0
 0.000  0.817 17.978  0.420  0.060 17.930  0.516  0.177 19.027  0.000  0.211 20.659  0.027  0.722 20.081 0
 0.591  0.000 13.067  0.616  0.042 13.374  0.064  0.963 12.604  0.000  0.245 14.128  0.402  0.000 15.760 0
 0.916  0.000 49.265  0.583  0.000 49.556  0.116  0.515 51.140  0.242  0.000 52.307  0.170  0.387 51.998 0
 0.810  0.000 16.535  0.000  0.421 16.199  0.844  0.000 17.559  0.396  0.176 18.653  0.156  0.533 18.226 0
 0.000  0.794 11.317  0.821  0.114 11.226  0.268  0.000 11.360  0.173  0.137 11.251  0.071  0.799 10.612 0
 0.543  0.000 26.366  0.000  0.868 26.666  0.010  0.868 26.966  0.767  0.000 27.350  0.000  0.962 26.580 0
 0.737  0.000 42.458  0.249  0.000 42.582  0.000  0.986 41.794  0.199  0.183 41.647  0.080  0.276 41.426 0
 0.065  0.285 13.177  0.216  0.000 14.774  0.063  0.545 16.263  0.107  0.771 15.645  0.096  0.704 15.082 0
 0.394  0.000  5.670  0.110  0.551  5.229  0.794  0.000  5.626  0.000  0.334  5.359  0.000  0.346  5.082 0
 0.494  0.000  4.088  0.000  0.223  3.910  0.000  0.884  3.203  0.000  0.223  4.846  0.485  0.098  6.199 0
 0.078  0.687 26.518  0.000  0.331 26.253  0.000  0.948 26.553  0.969  0.919 26.853  0.762  0.000 27.234 1
 0.000  0.217  6.772  0.000  0.760  8.277  0.000  0.878  9.824  0.507  0.078  9.762  0.823  0.000 10.174 1
 0.891  0.000 28.288  0.000  0.857 27.602  0.172  0.518 27.188  0.000  0.560 26.740  0.731  0.169 26.605 0
 0.000  0.905  7.650  0.000  0.918  7.950  0.954  0.944  8.250  0.230  0.000  8.365  0.014  0.041  8.185 1
 0.916  0.020 37.395  0.228  0.000 38.903  0.585  0.033 40.324  0.707  0.000 40.677  0.893  0.000 41.124 0
 0.634  0.000 33.200  0.758  0.000 34.479  0.238  0.087 36.065  0.974  0.035 36.553  0.045  0.144 36.437 0
 0.043  0.967 41.084  0.879  0.947 41.384  0.000  0.903 41.684  0.414  0.000 41.890  0.000  0.302 41.649 1
 0.000  0.959 12.822  0.085  0.932 13.122  0.339  0.941 13.422  0.087  0.561 12.973  0.909  0.000 13.428 1
 0.083  0.514 46.261  0.932  0.000 47.565  0.951  0.193 49.051  0.156  0.404 48.728  0.666  0.000 49.061 0
 0.000  0.413 41.327  0.132  0.196 41.171  0.722  0.000 41.532  0.550  0.099 43.124  0.000  0.660 44.323 0
 0.000  0.525 43.820  0.190  0.296 43.584  0.884  0.000 44.025  0.000  0.671 45.171  0.167  0.540 46.392 0
 0.442  0.000 44.312  0.000  0.906 43.587  0.431  0.170 43.451  0.852  0.000 43.877  0.658  0.113 43.787 0
 0.042  0.177 18.357  0.389  0.000 18.551  0.239  0.116 18.459  0.857  0.010 19.769  0.000  0.492 21.023 0
 0.478  0.118  7.905  0.536  0.000  8.173  0.740  0.181  8.029  0.392  0.000  9.355  0.000  0.381 10.551 0
 0.106  0.513  5.714  0.000  0.868  5.020  0.884  0.000  5.462  0.805  0.097  5.384  0.960  0.000  5.864 0
 0.210  0.000 39.114  0.057  0.117 39.021  0.000  0.273 38.802  0.157  0.196 38.645  0.000  0.335 38.377 0
 0.000  0.537 22.581  0.984  0.089 22.510  0.000  0.872 22.810  0.683  0.890 23.110  0.000  0.314 22.859 0
 0.569  0.000 38.674  0.000  0.672 38.137  0.352  0.000 38.313  0.000  0.747 37.716  0.000  0.600 37.236 0
 0.000  0.774 14.052  0.248  0.103 13.969  0.092  0.976 15.488  0.795  0.000 16.502  0.138  0.517 16.089 0
 0.414  0.000 20.729  0.062  0.538 20.298  0.803  0.861 20.598  0.186  0.939 20.898  0.000  0.773 20.280 0
 0.197  0.710 36.188  0.996  0.000 37.359  0.000  0.513 39.003  0.039  0.460 38.635  0.752  0.048 39.011 0
 0.004  0.870 32.182  0.101  0.292 31.948  0.455  0.868 32.248  0.080  0.850 32.548  0.000  0.994 31.753 0
 0.000  0.756 24.910  0.000  0.852 25.210  0.000  0.925 25.510  0.070  0.956 24.745  0.155  0.198 24.587 0
