 0.000  0.478 22.477  0.284  0.000 24.070  0.115  0.947 25.262  0.158  0.429 24.918  0.000  0.859 24.231 0
 0.162  0.384 32.678  0.776  0.068 32.624  0.375  0.000 32.811  0.546  0.000 34.373  0.632  0.163 35.797 0
 0.040  0.381 19.900  0.000  0.486 21.285  0.000  0.872 22.855  0.420  0.029 23.065  0.239  0.035 23.184 0
 0.000  0.448 15.378  0.000  0.875 14.678  0.111  0.727 15.908  0.000  0.729 17.535  0.427  0.000 17.748 1
 0.583  0.000  6.862  0.783  0.000  7.253  0.023  0.780  6.629  0.633  0.000  7.727  0.001  0.808  9.233 0
 0.000  0.966 45.668  0.000  0.343 45.394  0.070  0.417 45.060  0.162  0.664 44.529  0.171  0.454 44.166 0
 0.357  0.031 11.761  0.000  0.766 11.148  0.000  0.436 10.799  0.163  0.544 12.487  0.862  0.000 13.761 0
 0.806  0.000 33.179  0.388  0.000 33.373  0.519  0.000 33.632  0.150  0.339 33.361  0.000  0.773 32.743 0
 0.000  0.957 15.989  0.584  0.160 15.861  0.000  0.689 15.310  0.859  0.192 15.157  0.114  0.919 14.422 0
 0.000  0.477 16.174  0.059  0.631 15.669  0.276  0.195 15.513  0.553  0.000 15.789  0.425  0.000 16.002 0
 0.428  0.000 49.449  0.211  0.000 49.554  0.000  0.446 49.197  0.000  0.582 48.731  0.000  0.522 48.314 0
 0.232  0.000 31.481  0.000  0.851 32.548  0.178  0.323 33.900  0.000  0.359 33.613  0.069  0.133 33.507 0
 0.000  0.232 44.161  0.000  0.567 43.707  0.553  0.891 44.007  0.000  0.902 44.307  0.182  0.460 43.940 0
 0.149  0.428  8.935  0.020  0.548  8.497  0.000  0.912  7.767  0.083  0.291  7.534  0.000  0.869  6.839 0
 0.000  0.311  5.205  0.461  0.851  5.505  0.000  0.940  5.805  0.422  0.000  6.016  0.986  0.000  6.509 1
 0.000  0.521 37.000  0.895  0.063 36.950  0.000  0.257 38.593  0.555  0.000 39.844  0.000  0.628 39.342 0
 0.000  0.995 46.684  0.000  0.233 46.498  0.670  0.000 46.833  0.947  0.000 47.837  0.070  0.572 49.251 0
 0.425  0.000 33.175  0.703  0.000 33.527  0.800  0.011 33.927  0.976  0.867 34.227  0.000  0.931 34.527 0
 0.069  0.787 25.319  0.844  0.902 25.619  0.094  0.876 25.919  0.935  0.000 26.387  0.739  0.140 26.275 1
 0.863  0.114  4.899  0.428  0.000  6.539  0.701  0.000  7.811  0.360  0.121  7.714  0.965  0.117  7.621 0
 0.000  0.911 44.628  0.329  0.000 44.793  0.000  0.751 44.192  0.024  0.313 43.941  0.844  0.097 43.864 0
 0.110  0.613 11.528  0.000  0.517 11.115  0.515  0.178 10.972  0.000  0.286 10.744  0.000  0.360 10.455 0
 0.666  0.000 11.356  0.058  0.043 11.385  0.881  0.141 11.272  0.067  0.591 10.800  0.000  0.836 10.131 0
 0.097  0.529 22.396  0.000  0.314 22.145  0.693  0.000 22.492  0.000  0.886 22.792  0.515  0.894 23.092 0
 0.000  0.958  6.246  0.362  0.003  6.427  0.837  0.000  6.845  0.000  0.572  6.388  0.012  0.542  5.954 0
 0.000  0.919 19.937  0.000  0.372 19.640  0.000  0.885 19.940  0.000  0.885 20.240  0.054  0.235 20.052 0
 0.512  0.000 33.443  0.000  0.693 32.889  0.447  0.000 33.113  0.845  0.070 33.057  0.264  0.000 33.189 0
 0.000  0.821 41.170  0.000  0.905 41.470  0.689  0.887 41.770  0.054  0.959 41.002  0.000  0.290 40.770 1
 0.000  0.330 19.897  0.000  0.654 19.373  0.120  0.909 19.673  0.301  0.915 19.973  0.000  0.343 19.699 0
 0.824  0.000 45.302  0.000  0.952 44.540  0.000  0.239 44.349  0.069  0.597 43.871  0.000  0.993 43.077 0
 0.634  0.198 16.813  0.193  0.096 16.736  0.376  0.104 16.652  0.104  0.399 18.064  0.000  0.332 19.465 0
 0.119  0.389 38.828  0.000  0.818 38.174  0.000  0.606 37.689  0.000  0.874 37.989  0.010  0.912 38.289 0
 0.000  0.881 37.790  0.000  0.469 37.416  0.895  0.177 37.274  0.633  0.000 38.801  0.576  0.000 39.838 0
 0.000  0.386 32.746  0.573  0.879 33.046  0.843  0.912 33.346  0.255  0.011 33.474  0.492  0.191 33.320 0
 0.649  0.100 49.055  0.379  0.000 49.244  0.000  0.447 48.886  0.000  0.678 48.344  0.000  0.684 47.797 0
 0.943  0.000 24.172  0.000  0.552 23.731  0.969  0.000 24.215  0.165  0.942 24.515  0.922  0.860 24.815 0
 0.000  0.949 12.274  0.828  0.933 12.574  0.674  0.850 12.874  0.089  0.540 12.442  0.473  0.066 12.389 0
 0.314  0.000 42.895  0.000  0.680 42.351  0.401  0.069 42.296  0.071  0.456 43.589  0.808  0.000 44.831 0
 0.000  0.356 15.484  0.235  0.000 15.601  0.411  0.000 15.807  0.000  0.956 17.148  0.344  0.000 18.250 0
 0.000  0.608  7.886  0.000  0.890  8.186  0.690  0.910  8.486  0.348  0.000  8.660  0.924  0.000  9.122 1
 0.887  0.000 29.336  0.873  0.185 29.189  0.629  0.065 29.136  0.247  0.000 29.260  0.829  0.000 29.675 0
 0.025  0.589 28.539  0.291  0.938 28.839  0.896  0.873 29.139  0.633  0.000 29.456  0.000  0.938 28.705 1
 0.880  0.000 22.599  0.179  0.018 22.688  0.083  0.850 22.988  0.833  0.945 23.288  0.000  0.626 22.788 0
 0.689  0.000 17.222  0.948  0.913 17.522  0.149  0.880 17.822  0.000  0.737 17.232  0.501  0.000 17.483 0
 0.102  0.167 12.415  0.296  0.876 12.715  0.000  0.870 13.015  0.503  0.000 13.267  0.591  0.137 13.158 1
 0.146  0.314 38.866  0.146  0.563 38.416  0.310  0.000 38.571  0.000  0.891 38.871  0.039  0.899 39.171 0
 0.006  0.976 14.890  0.000  0.879 15.190  0.000  0.915 15.490  0.374  0.000 15.677  0.000  0.577 15.216 0
 0.890  0.061 25.597  0.000  0.429 25.253  0.721  0.000 26.410  0.258  0.000 28.012  0.437  0.000 28.230 0
 0.000  0.560 38.115  0.381  0.934 38.415  0.400  0.868 38.715  0.341  0.000 38.885  0.197  0.150 38.765 0
 0.000  0.775 32.749  0.683  0.000 33.090  0.812  0.000 33.496  0.000  0.362 33.206  0.010  0.080 33.143 0
 0.000  0.543 23.955  0.029  0.289 23.724  0.000  0.399 23.405  0.072  0.892 23.705  0.000  0.890 24.005 0
 0.000  0.204 34.112  0.000  0.423 33.774  0.615  0.894 34.074  0.004  0.860 34.374  0.268  0.000 34.508 0
 0.028  0.423  5.489  0.000  0.998  4.691  0.000  0.763  6.098  0.694  0.057  7.318  0.687  0.104  7.235 0
 0.000  0.980 41.361  0.760  0.007 41.741  0.000  0.585 41.273  0.729  0.000 42.602  0.000  0.364 43.790 0
 0.000  0.213 12.133  0.298  0.000 12.282  0.000  0.474 11.903  0.238  0.000 12.022  0.000  0.312 11.772 0
 0.000  0.215 19.047  0.982  0.000 19.538  0.467  0.139 19.427  0.226  0.000 20.728  0.384  0.068 21.868 0
 0.381  0.000 17.614  0.000  0.360 17.326  0.796  0.000 17.724  0.297  0.000 17.872  0.451  0.035 18.098 0
 0.670  0.149 48.942  0.272  0.000 49.079  0.034  0.566 48.626  0.778  0.901 48.926  0.717  0.870 49.226 0
 0.252  0.000 33.295  0.000  0.622 32.798  0.000  0.643 32.284  0.989  0.066 32.231  0.526  0.000 32.494 0
 0.000  0.526 31.989  0.995  0.886 32.289  0.200  0.867 32.589  0.878  0.000 33.028  0.000  0.227 32.846 1
 0.000  0.475 33.795  0.554  0.000 34.072  0.000  0.622 33.574  0.599  0.912 33.874  0.000  0.885 34.174 0
 0.861  0.000 19.559  0.626  0.164 19.428  0.000  0.392 19.115  0.000  0.540 18.683  0.134  0.587 18.214 0
 0.075  0.810 47.135  0.000  0.613 46.644  0.159  0.179 46.501  0.000  0.905 45.777  0.000  0.215 45.605 0
 0.421  0.079 22.779  0.000  0.283 22.553  0.010  0.801 21.912  0.560  0.000 22.192  0.000  0.798 21.553 0
 0.193  0.051 10.797  0.807  0.000 11.201  0.667  0.129 11.098  0.000  0.974 12.570  0.287  0.000 13.829 0
 0.073  0.120  9.729  0.482  0.000  9.970  0.470  0.132 11.664  0.623  0.000 13.268  0.506  0.082 13.202 0
 0.707  0.161  8.161  0.022  0.174  8.023  0.000  0.319  7.767  0.116  0.914  8.067  0.000  0.912  8.367 0
 0.000  0.608  6.993  0.046  0.244  6.798  0.157  0.572  6.340  0.334  0.117  7.882  0.000  0.437  8.899 0
 0.029  0.147 27.488  0.000  0.957 26.722  0.521  0.909 27.022  0.284  0.928 27.322  0.000  0.671 26.785 0
 0.000  0.481 37.908  0.229  0.901 38.208  0.398  0.861 38.508  0.000  0.231 38.323  0.398  0.167 38.189 0
 0.323  0.000 14.314  0.000  0.714 13.742  0.868  0.000 14.177  0.276  0.140 15.659  0.363  0.000 16.925 0
 0.000  0.470 22.281  0.834  0.000 22.698  0.971  0.000 23.184  0.631  0.191 24.767  0.000  0.735 25.832 0
 0.000  0.206 35.934  0.677  0.091 35.861  0.138  0.817 35.208  0.768  0.118 35.114  0.461  0.000 35.344 0
 0.000  0.815 16.893  0.371  0.110 16.805  0.971  0.000 17.291  0.000  0.762 16.681  0.754  0.000 17.058 0
 0.739  0.022 21.460  0.809  0.000 21.865  0.192  0.929 22.165  0.000  0.878 22.465  0.618  0.000 22.774 0
 0.000  0.529 22.670  0.390  0.000 22.865  0.363  0.000 23.047  0.135  0.927 23.347  0.219  0.889 23.647 0
 0.000  0.653  9.189  0.925  0.000  9.652  0.117  0.372  9.354  0.529  0.000 10.978  0.000  0.992 12.399 0
 0.000  0.903 23.382  0.079  0.237 23.192  0.560  0.000 23.472  0.304  0.016 23.625  0.000  0.671 23.088 0
 0.000  0.260 28.869  0.916  0.000 29.326  0.000  0.862 29.626  0.632  0.893 29.926  0.018  0.722 29.349 0
 0.121  0.686 38.747  0.574  0.000 39.034  0.433  0.000 39.250  0.303  0.000 39.401  0.000  0.474 39.022 0
 0.000  0.379 16.484  0.869  0.069 16.429  0.545  0.066 17.870  0.124  0.851 19.046  0.214  0.000 19.153 0
 0.001  0.629 12.063  0.331  0.000 12.229  0.906  0.000 12.682  0.133  0.896 12.982  0.103  0.911 13.282 0
 0.071  0.349 14.810  0.663  0.000 15.141  0.000  0.601 14.661  0.198  0.442 14.307  0.621  0.000 14.617 0
 0.000  0.233 24.865  0.000  0.615 24.373  0.000  0.992 23.580  0.710  0.000 23.935  0.000  0.841 23.262 0
 0.712  0.000 49.529  0.000  0.932 49.829  0.773  0.922 50.129  0.000  0.649 49.609  0.000  0.686 49.060 0
 0.000  0.212 17.453  0.000  0.673 16.915  0.192  0.674 16.376  0.811  0.122 17.456  0.000  0.607 18.567 0
 0.993  0.000 27.247  0.000  0.703 26.684  0.357  0.127 26.583  0.049  0.283 28.270  0.000  0.222 29.923 0
 0.224  0.000 31.345  0.606  0.000 31.648  0.000  0.937 31.948  0.725  0.913 32.248  0.482  0.000 32.489 1
 0.734  0.000 43.958  0.897  0.132 43.852  0.389  0.919 44.152  0.436  0.921 44.452  0.485  0.000 44.695 0
 0.988  0.099  8.185  0.296  0.000  8.333  0.000  0.709  9.786  0.968  0.000 11.281  0.474  0.161 11.152 0
 0.000  0.919 46.461  0.000  0.853 45.779  0.000  0.203 45.616  0.068  0.063 46.784  0.092  0.293 47.927 0
 0.000  0.634  6.776  0.147  0.118  7.804  0.298  0.000  9.373  0.000  0.832  8.707  0.945  0.084  8.640 0
 0.000  0.233 16.360  0.913  0.000 16.816  0.000  0.940 16.064  0.117  0.312 15.815  0.278  0.000 15.954 0
 0.000  0.965 16.963  0.000  0.809 16.316  0.834  0.000 16.733  0.081  0.833 18.301  0.000  0.515 19.571 0
 0.000  0.665 21.926  0.294  0.000 22.073  0.000  0.983 21.286  0.470  0.000 21.521  0.000  0.550 21.081 0
 0.000  0.831 40.207  0.182  0.979 39.424  0.000  0.866 38.731  0.076  0.582 38.266  0.000  0.798 37.628 0
 0.758  0.000 34.941  0.140  0.512 34.531  0.000  0.887 34.831  0.000  0.912 35.131  0.000  0.812 34.482 0
 0.000  0.623 39.915  0.000  0.580 39.450  0.000  0.512 39.041  0.817  0.922 39.341  0.000  0.943 39.641 0
 0.391  0.114 18.649  0.000  0.998 17.850  0.000  0.614 17.359  0.108  0.770 16.743  0.958  0.000 17.222 0
 0.775  0.000 45.676  0.840  0.180 45.532  0.000  0.435 45.184  0.000  0.276 44.963  0.758  0.000 45.342 0
 0.912  0.000 37.216  0.135  0.862 37.516  0.059  0.868 37.816  0.705  0.000 38.169  0.000  0.713 37.598 0
 0.131  0.314 30.360  0.360  0.042 30.540  0.000  0.434 30.192  0.264  0.896 30.492  0.000  0.943 30.792 0
 0.000  0.202 31.876  0.447  0.000 33.340  0.853  0.078 34.441  0.845  0.190 34.289  0.000  0.774 33.670 0
 0.133  0.668 23.642  0.000  0.538 23.211  0.192  0.920 23.511  0.994  0.877 23.811  0.622  0.000 24.122 1
 0.000  0.416 48.223  0.157  0.501 47.822  0.887  0.042 49.133  0.715  0.000 50.507  0.000  0.733 49.921 0
 0.000  0.373 30.395  0.000  0.705 31.938  0.093  0.834 33.172  0.000  0.881 32.467  0.060  0.054 32.423 1
 0.265  0.000 38.970  0.000  0.900 39.270  0.991  0.855 39.570  0.207  0.155 39.446  0.039  0.680 38.902 1
 0.020  0.466 46.765  0.835  0.000 47.182  0.501  0.940 47.482  0.302  0.909 47.782  0.381  0.082 47.716 0
 0.705  0.000 49.142  0.000  0.885 50.163  0.026  0.675 51.335  0.174  0.384 51.027  0.524  0.030 51.289 0
 0.000  0.409 26.822  0.000  0.468 26.448  0.000  0.834 25.780  0.000  0.269 26.977  0.315  0.198 28.299 0
 0.000  0.661 40.795  0.546  0.000 41.068  0.000  0.335 40.800  0.000  0.966 40.028  0.000  0.954 39.265 0
 0.795  0.000 42.810  0.880  0.873 43.110  0.200  0.925 43.410  0.681  0.000 43.750  0.542  0.000 44.022 0
 0.482  0.000 24.345  0.566  0.064 24.294  0.060  0.755 23.690  0.653  0.939 23.990  0.673  0.942 24.290 0
 0.193  0.986 42.133  0.558  0.000 42.412  0.963  0.098 42.334  0.000  0.365 42.042  0.547  0.000 42.316 0
 0.082  0.207 19.945  0.000  0.740 19.353  0.412  0.902 19.653  0.746  0.941 19.953  0.818  0.000 20.362 0
 0.087  0.731 14.517  0.000  0.301 14.276  0.825  0.000 14.689  0.104  0.339 14.417  0.042  0.948 13.659 0
 0.000  0.651 48.392  0.551  0.121 48.295  0.195  0.920 48.595  0.057  0.910 48.895  0.141  0.043 48.966 0
 0.941  0.176 17.476  0.185  0.974 16.697  0.000  0.468 18.198  0.090  0.520 19.792  0.698  0.063 19.742 0
 0.000  0.227 24.509  0.969  0.000 24.994  0.109  0.956 24.230  0.492  0.000 24.475  0.093  0.774 23.857 0
 0.115  0.716 22.873  0.396  0.000 23.071  0.870  0.000 23.506  0.125  0.193 23.351  0.009  0.130 23.247 0
 0.369  0.127 34.112  0.525  0.897 34.412  0.724  0.930 34.712  0.925  0.000 35.174  0.662  0.093 35.100 0
 0.401  0.131 25.208  0.000  0.329 24.945  0.099  0.949 24.186  0.997  0.022 24.685  0.055  0.278 24.462 0
 0.561  0.000 13.710  0.000  0.877 14.010  0.352  0.937 14.310  0.149  0.066 14.257  0.617  0.000 14.565 0
 0.375  0.000 26.002  0.055  0.459 25.634  0.087  0.128 25.531  0.000  0.567 25.078  0.000  0.460 24.710 0
 0.000  0.974 32.143  0.175  0.744 33.617  0.880  0.011 35.085  0.213  0.000 35.192  0.005  0.441 34.839 0
 0.000  0.639 28.883  0.283  0.944 29.183  0.723  0.927 29.483  0.000  0.456 29.118  0.078  0.767 28.505 1
 0.000  0.528 16.522  0.104  0.170 17.893  0.138  0.663 19.107  0.000  0.306 18.862  0.037  0.824 18.202 0
 0.935  0.000 27.558  0.629  0.048 28.838  0.894  0.124 30.351  0.000  0.548 29.913  0.000  0.526 29.492 0
 0.920  0.000 30.896  0.221  0.948 31.196  0.628  0.916 31.496  0.000  0.342 31.222  0.109  0.810 30.574 0
 0.000  0.801 16.571  0.000  0.431 16.226  0.330  0.923 16.526  0.000  0.914 16.826  0.031  0.650 16.306 0
 0.525  0.150 47.708  0.000  0.909 46.980  0.000  0.905 46.256  0.097  0.336 45.987  0.509  0.000 46.242 0
 0.958  0.110 47.552  0.002  0.962 46.782  0.615  0.000 47.090  0.880  0.000 47.530  0.000  0.420 47.194 0
 0.165  0.571 35.747  0.002  0.912 35.018  0.610  0.000 35.323  0.000  0.964 34.551  0.161  0.103 34.469 0
 0.067  0.965 40.722  0.361  0.193 40.568  0.263  0.000 40.699  0.052  0.890 40.999  0.653  0.858 41.299 1
 0.000  0.496  9.859  0.224  0.000  9.971  0.000  0.682  9.425  0.204  0.034 11.099  0.196  0.123 12.741 0
 0.129  0.334 46.488  0.021  0.099 46.409  0.827  0.873 46.709  0.000  0.876 47.009  0.687  0.000 47.352 1
 0.087  0.389 44.986  0.025  0.217 46.461  0.000  0.557 47.664  0.000  0.755 47.060  0.618  0.000 47.369 0
 0.635  0.000  8.512  0.000  0.934  7.765  0.000  0.729  9.265  0.199  0.744 10.575  0.862  0.024 11.006 0
 0.000  0.319 43.495  0.105  0.553 45.052  0.860  0.117 46.058  0.830  0.000 46.473  0.000  0.639 45.962 0
 0.854  0.051 38.768  0.000  0.403 38.445  0.458  0.126 38.345  0.135  0.833 37.678  0.000  0.838 37.008 0
 0.000  0.860 17.293  0.000  0.876 16.593  0.995  0.000 17.090  0.003  0.843 18.367  0.000  0.254 19.662 0
 0.653  0.000  7.777  0.388  0.094  7.701  0.590  0.000  7.996  0.615  0.000  8.304  0.000  0.725  7.724 0
 0.000  0.994  3.028  0.474  0.000  3.265  0.722  0.180  3.121  0.176  0.936  3.421  0.772  0.947  3.721 0
 0.135  0.468  8.520  0.269  0.109  8.432  0.430  0.000  9.783  0.734  0.096 10.839  0.000  0.524 10.420 0
 0.274  0.000 21.217  0.000  0.457 20.851  0.600  0.000 21.151  0.597  0.013 21.450  0.189  0.621 20.954 0
 0.000  0.992 14.308  0.037  0.805 15.428  0.000  0.354 16.855  0.523  0.000 17.117  0.000  0.847 16.439 0
 0.067  0.016 14.427  0.836  0.037 14.845  0.958  0.000 15.324  0.070  0.174 15.185  0.396  0.121 15.088 0
 0.000  0.619 16.844  0.000  0.478 16.462  0.098  0.484 16.074  0.756  0.000 16.452  0.974  0.000 16.939 0
 0.210  0.080 20.338  0.926  0.147 20.221  0.308  0.000 20.374  0.867  0.144 20.259  0.000  0.959 19.492 0
 0.124  0.171 41.126  0.000  0.900 40.405  0.651  0.040 41.947  0.000  0.671 43.248  0.079  0.241 43.055 0
 0.365  0.000 21.371  0.324  0.069 22.650  0.000  0.428 24.115  0.106  0.235 23.927  0.892  0.086 23.859 0
 0.000  0.614 30.805  0.103  0.944 31.105  0.227  0.947 31.405  0.072  0.222 31.228  0.076  0.170 31.092 0
 0.000  0.721 35.733  0.197  0.770 35.117  0.258  0.000 35.246  0.000  0.907 35.546  0.000  0.906 35.846 0
 0.000  0.582 35.563  0.000  0.883 34.856  0.309  0.926 35.156  0.265  0.918 35.456  0.000  0.353 35.174 0
 0.943  0.000 10.390  0.005  0.176 12.055  0.000  0.758 13.219  0.213  0.037 13.325  0.890  0.061 13.277 0
 0.474  0.041 37.331  0.563  0.000 37.612  0.217  0.881 37.912  0.000  0.895 38.212  0.631  0.166 38.080 0
 0.034  0.378 29.059  0.000  0.775 28.440  0.296  0.000 28.588  0.022  0.493 28.194  0.000  0.626 27.693 0
 0.441  0.000 19.188  0.656  0.000 19.516  0.862  0.106 19.431  0.773  0.000 19.818  0.000  0.770 19.201 0
 0.054  0.347 16.615  0.000  0.343 16.341  0.000  0.926 16.641  0.925  0.880 16.941  0.557  0.000 17.219 1
 0.000  0.329 34.897  0.088  0.042 34.941  0.000  0.747 34.343  0.346  0.864 34.643  0.190  0.899 34.943 0
 0.939  0.182 30.248  0.000  0.269 30.033  0.957  0.000 30.511  0.096  0.967 29.738  0.076  0.392 29.424 0
 0.340  0.020 31.228  0.028  0.310 32.728  0.000  0.376 34.055  0.000  0.256 33.850  0.087  0.377 33.549 0
 0.000  0.611 40.797  0.221  0.000 41.992  0.013  0.331 43.660  0.438  0.170 43.524  0.192  0.661 42.995 0
 0.000  0.201 29.574  0.339  0.000 29.744  0.477  0.034 29.982  0.403  0.000 30.184  0.814  0.014 30.591 0
 0.000  0.998 45.527  0.694  0.000 45.874  0.000  0.541 45.441  0.900  0.904 45.741  0.027  0.882 46.041 0
 0.060  0.033 42.619  0.481  0.000 42.859  0.028  0.627 42.358  0.000  0.940 42.658  0.000  0.948 42.958 0
 0.000  0.296 46.073  0.915  0.000 46.531  0.081  0.838 47.880  0.017  0.572 49.049  0.000  0.799 48.410 0
 0.000  0.993 38.126  0.886  0.076 38.065  0.000  0.995 37.269  0.062  0.698 38.747  0.648  0.000 39.814 0
 0.059  0.039 40.754  0.106  0.711 40.185  0.000  0.888 39.475  0.245  0.000 40.612  0.889  0.026 42.140 0
 0.052  0.124 17.422  0.493  0.000 17.669  0.405  0.018 17.871  0.000  0.488 17.481  0.000  0.375 17.181 0
 0.000  0.992 48.090  0.173  0.209 47.923  0.503  0.879 48.223  0.694  0.853 48.523  0.000  0.406 48.198 0
 0.000  0.806 23.363  0.000  0.441 23.010  0.000  0.948 23.310  0.788  0.899 23.610  0.132  0.888 22.900 1
 0.000  0.650  3.623  0.220  0.134  3.516  0.009  0.664  5.200  0.360  0.000  6.246  0.588  0.057  6.201 0
 0.000  0.429  7.858  0.000  0.433  7.512  0.104  0.000  7.564  0.331  0.000  9.139  0.977  0.000 10.275 0
 0.000  0.706 15.740  0.000  0.367 15.446  0.117  0.215 15.274  0.588  0.000 15.569  0.219  0.094 15.493 0
 0.000  0.230 36.464  0.700  0.000 36.814  0.000  0.872 37.114  0.408  0.900 37.414  0.000  0.988 36.623 0
 0.000  0.872 10.297  0.000  0.623  9.799  0.000  0.790  9.167  0.000  0.569 10.858  0.309  0.000 12.220 0
 0.000  0.563 33.357  0.561  0.137 33.247  0.000  0.252 33.046  0.108  0.274 32.827  0.158  0.554 32.384 0
 0.285  0.000 10.648  0.118  0.896  9.931  0.000  0.948 10.231  0.039  0.901 10.531  0.404  0.085 10.463 0
 0.178  0.782 39.191  0.000  0.497 38.793  0.234  0.000 38.910  0.160  0.661 38.382  0.000  0.857 37.696 0
 0.000  0.575 21.566  0.714  0.000 21.923  0.000  0.962 21.153  0.734  0.921 21.453  0.004  0.889 21.753 0
 0.000  0.227  3.877  0.277  0.091  3.804  0.910  0.177  3.663  0.185  0.297  3.425  0.357  0.080  3.361 0
 0.437  0.000 23.160  0.459  0.000 23.390  0.000  0.578 25.077  0.121  0.474 26.276  0.175  0.221 26.100 0
 0.956  0.000 21.900  0.587  0.000 22.193  0.833  0.000 22.610  0.000  0.562 22.160  0.782  0.000 22.551 0
 0.000  0.398 20.527  0.892  0.000 20.973  0.000  0.257 22.524  0.000  0.810 23.940  0.000  0.756 23.336 0
 0.000  0.421 35.674  0.000  0.315 36.741  0.000  0.773 37.792  0.336  0.000 37.960  0.187  0.588 37.490 0
 0.000  0.259 36.355  0.687  0.052 36.313  0.000  0.338 36.042  0.275  0.069 35.987  0.133  0.830 35.323 0
 0.378  0.000 44.128  0.891  0.000 44.574  0.063  0.816 43.921  0.000  0.440 43.569  0.571  0.040 43.855 0
 0.211  0.000 39.683  0.000  0.544 41.122  0.595  0.159 42.383  0.000  0.395 42.067  0.362  0.081 42.003 0
 0.000  0.204  3.365  0.000  0.572  2.907  0.000  0.918  2.172  0.740  0.000  2.542  0.958  0.017  3.021 0
 0.190  0.475 30.488  0.536  0.000 30.756  0.621  0.000 31.792  0.095  0.422 33.156  0.161  0.438 32.805 0
 0.011  0.124 25.951  0.000  0.749 25.352  0.447  0.000 25.575  0.756  0.943 25.875  0.015  0.852 26.175 0
 0.736  0.000 16.292  0.000  0.744 15.696  0.672  0.000 16.032  0.000  0.885 16.332  0.174  0.880 16.632 0
 0.000  0.432 30.952  0.000  0.750 30.352  0.603  0.000 30.653  0.088  0.113 32.328  0.708  0.000 33.603 0
 0.752  0.000 45.450  0.604  0.000 45.752  0.430  0.000 45.966  0.538  0.862 46.266  0.000  0.907 46.566 0
 0.000  0.665 11.126  0.000  0.238 10.935  0.618  0.000 11.244  0.710  0.896 11.544  0.000  0.873 11.844 0
 0.000  0.272 44.826  0.136  0.098 44.748  0.000  0.800 44.108  0.756  0.000 44.486  0.903  0.000 44.938 0
 0.030  0.940 18.536  0.000  0.731 17.951  0.000  0.202 17.790  0.490  0.936 18.090  0.915  0.872 18.390 1
 0.356  0.000 29.660  0.903  0.000 30.112  0.000  0.402 29.790  0.000  0.632 29.285  0.000  0.579 28.822 0
 0.000  0.770 22.341  0.046  0.445 21.986  0.892  0.005 23.442  0.191  0.313 24.936  0.851  0.163 24.806 0
 0.030  0.150 18.709  0.979  0.128 18.606  0.658  0.000 18.935  0.000  0.867 19.235  0.992  0.860 19.535 0
 0.645  0.043 17.991  0.000  0.499 17.593  0.000  0.979 19.064  0.195  0.239 20.542  0.923  0.107 20.457 0
 0.000  0.814 25.380  0.110  0.269 25.165  0.354  0.000 26.672  0.083  0.749 27.866  0.322  0.168 27.732 0
 0.304  0.000 30.902  0.000  0.957 30.137  0.982  0.000 30.628  0.000  0.528 30.205  0.912  0.000 30.661 0
 0.445  0.000 46.130  0.390  0.000 46.325  0.000  0.899 45.606  0.703  0.000 47.040  0.031  0.026 48.367 0
 0.579  0.091  5.947  0.000  0.888  6.247  0.000  0.879  6.547  0.477  0.156  6.422  0.000  0.913  5.691 0
 0.490  0.042 39.244  0.000  0.802 38.603  0.564  0.000 38.885  0.000  0.588 38.415  0.000  0.978 37.633 0
 0.000  0.451 37.642  0.902  0.000 38.093  0.546  0.000 39.761  0.724  0.000 41.104  0.000  0.384 40.796 0
 0.100  0.346 47.248  0.000  0.965 46.476  0.000  0.237 46.287  0.000  0.567 45.834  0.000  0.509 45.427 0
 0.610  0.000 11.953  0.117  0.696 13.211  0.031  0.762 14.660  0.000  0.834 13.993  0.834  0.114 13.902 0
 0.385  0.000  8.522  0.000  0.602  8.040  0.000  0.713  7.470  0.000  0.949  7.770  0.107  0.907  8.070 0
 0.031  0.621 32.573  0.400  0.000 32.773  0.000  0.860 33.073  0.000  0.947 33.373  0.785  0.142 33.259 1
 0.084  0.039 12.315  0.278  0.944 12.615  0.194  0.907 12.915  0.784  0.000 13.307  0.000  0.926 12.566 1
 0.000  0.227 27.855  0.000  0.504 27.452  0.000  0.818 26.797  0.000  0.912 26.068  0.639  0.000 26.387 0
 0.000  0.307  3.935  0.250  0.000  4.060  0.000  0.872  3.362  0.044  0.979  4.672  0.722  0.000  6.001 0
 0.000  0.768 31.999  0.000  0.275 31.779  0.000  0.525 31.359  0.051  0.964 30.588  0.057  0.894 29.873 0
 0.254  0.000 35.086  0.274  0.000 35.223  0.311  0.108 35.136  0.000  0.319 34.881  0.696  0.000 35.229 0
 0.032  0.319  5.807  0.000  0.589  5.335  0.000  0.365  6.385  0.199  0.483  7.508  0.000  0.264  7.296 0
 0.716  0.010  4.630  0.045  0.771  4.013  0.863  0.907  4.313  0.084  0.880  4.613  0.472  0.000  4.849 0
 0.069  0.926  5.396  0.000  0.227  5.214  0.000  0.872  5.514  0.000  0.852  5.814  0.000  0.697  5.257 0
 0.000  0.715 32.493  0.762  0.000 33.627  0.000  0.233 35.131  0.333  0.177 34.989  0.000  0.487 34.599 0
 0.440  0.000  7.884  0.000  0.741  8.910  0.317  0.000 10.142  0.000  0.606  9.658  0.585  0.013  9.950 0
 0.000  0.858 13.335  0.207  0.052 13.293  0.000  0.484 12.906  0.629  0.000 13.221  0.007  0.364 12.929 0
 0.188  0.879 36.349  0.099  0.105 36.265  0.000  0.709 35.697  0.000  0.467 35.324  0.643  0.000 35.645 0
 0.207  0.000  9.966  0.126  0.245  9.770  0.933  0.000 10.236  0.000  0.770  9.620  0.360  0.000  9.800 0
 0.654  0.000 42.982  0.477  0.000 44.411  0.401  0.000 45.424  0.642  0.195 45.268  0.682  0.052 45.226 0
 0.196  0.644  9.277  0.736  0.000  9.644  0.772  0.017 10.031  0.043  0.119  9.935  0.621  0.000 10.246 0
 0.552  0.000 26.478  0.189  0.243 26.284  0.023  0.435 25.936  0.709  0.000 26.291  0.953  0.000 26.767 0
 0.828  0.000 29.902  0.000  0.810 31.233  0.000  0.800 32.266  0.132  0.186 32.118  0.279  0.000 32.257 0
 0.756  0.000 27.964  0.574  0.877 28.264  0.605  0.900 28.564  0.000  0.785 27.936  0.774  0.066 27.883 0
 0.789  0.153 13.816  0.868  0.035 14.250  0.912  0.000 14.706  0.273  0.000 14.843  0.000  0.835 14.175 0
 0.790  0.000 22.530  0.816  0.000 22.938  0.263  0.000 24.113  0.000  0.205 25.731  0.000  0.745 25.135 0
 0.679  0.000 40.829  0.000  0.821 40.172  0.949  0.879 40.472  0.000  0.897 40.772  0.034  0.547 40.335 0
 0.000  0.700  9.794  0.000  0.919 10.094  0.000  0.857 10.394  0.334  0.000 10.561  0.860  0.000 10.990 1
 0.000  0.672 26.277  0.000  0.549 25.839  0.530  0.908 26.139  0.000  0.866 26.439  0.000  0.997 25.641 0
 0.000  0.484 20.279  0.000  0.282 20.053  0.258  0.169 19.918  0.137  0.056 19.873  0.548  0.000 20.148 0
 0.000  0.464  4.786  0.080  0.578  4.323  0.000  0.927  3.582  0.297  0.874  3.882  0.130  0.893  4.182 0
 0.326  0.019 45.551  0.635  0.000 46.690  0.530  0.000 48.072  0.000  0.948 47.313  0.405  0.000 47.516 0
 0.000  0.748  3.115  0.000  0.681  2.570  0.000  0.859  2.870  0.125  0.915  3.170  0.888  0.143  3.055 1
 0.000  0.443 30.730  0.000  0.479 30.346  0.986  0.000 30.839  0.064  0.335 32.298  0.125  0.431 33.883 0
 0.142  0.979 37.443  0.502  0.000 37.694  0.000  0.568 37.239  0.000  0.216 38.325  0.192  0.599 39.985 0
 0.284  0.179 24.865  0.008  0.873 25.165  0.426  0.884 25.465  0.339  0.160 25.337  0.000  0.528 24.915 1
 0.679  0.000 48.516  0.000  0.922 49.682  0.131  0.054 50.930  0.129  0.629 50.427  0.599  0.000 50.726 0
 0.244  0.000 40.858  0.542  0.000 41.129  0.671  0.093 41.054  0.000  0.932 41.354  0.000  0.874 41.654 0
 0.814  0.000 41.207  0.153  0.024 41.284  0.107  0.058 41.238  0.000  0.206 42.892  0.798  0.000 44.069 0
 0.563  0.140 33.832  0.752  0.000 34.208  0.214  0.118 34.113  0.000  0.318 33.859  0.291  0.000 34.004 0
 0.033  0.084 36.331  0.459  0.854 36.631  0.199  0.941 36.931  0.000  0.887 36.221  0.864  0.000 36.653 1
 0.363  0.000 43.272  0.000  0.669 42.736  0.000  0.656 42.211  0.049  0.733 41.625  0.000  0.999 40.826 0
 0.196  0.480 30.464  0.000  0.691 29.911  0.450  0.000 30.137  0.000  0.408 29.810  0.140  0.410 29.482 0
 0.119  0.619 36.421  0.704  0.042 36.772  0.708  0.947 37.072  0.136  0.908 37.372  0.000  0.306 37.128 0
 0.301  0.000 13.035  0.676  0.868 13.335  0.000  0.873 13.635  0.578  0.000 13.925  0.542  0.071 13.868 1
 0.158  0.771 24.333  0.509  0.132 25.725  0.000  0.501 27.294  0.025  0.181 27.149  0.512  0.104 27.066 0
 0.168  0.025  9.972  0.718  0.132  9.866  0.056  0.330  9.602  0.000  0.205  9.438  0.568  0.145  9.322 0
 0.077  0.320 32.477  0.248  0.000 33.674  0.081  0.198 35.205  0.459  0.000 35.434  0.000  0.496 35.037 0
 0.000  0.566 41.093  0.554  0.000 41.370  0.000  0.811 42.674  0.000  0.369 44.161  0.864  0.027 44.593 0
 0.429  0.121 46.999  0.828  0.007 47.413  0.120  0.889 47.713  0.000  0.928 48.013  0.143  0.973 47.235 0
 0.512  0.198 27.097  0.000  0.928 26.355  0.957  0.894 26.655  0.831  0.864 26.955  0.301  0.071 26.898 0
 0.097  0.250 42.087  0.075  0.264 41.876  0.000  0.333 43.243  0.954  0.000 44.328  0.925  0.161 44.199 0
 0.000  0.353  8.111  0.000  0.769  9.316  0.000  0.741 10.847  0.276  0.000 10.985  0.666  0.034 11.318 1
 0.974  0.000 33.631  0.003  0.563 33.180  0.343  0.000 33.352  0.546  0.000 33.625  0.186  0.356 33.340 0
 0.123  0.543 25.291  0.568  0.000 25.575  0.977  0.161 26.697  0.000  0.580 28.320  0.952  0.000 28.796 0
 0.000  0.254 23.878  0.000  0.893 23.163  0.966  0.925 23.463  0.000  0.855 23.763  0.848  0.000 24.187 1
 0.768  0.000 12.053  0.267  0.000 12.187  0.073  0.443 11.832  0.305  0.111 11.743  0.101  0.663 11.213 0
 0.408  0.000 32.168  0.709  0.040 32.523  0.601  0.902 32.823  0.000  0.864 33.123  0.070  0.870 32.427 0
 0.578  0.000 14.883  0.764  0.000 15.265  0.339  0.000 16.478  0.186  0.873 17.639  0.140  0.256 17.434 0
 0.713  0.000 26.918  0.915  0.000 27.375  0.512  0.000 27.631  0.264  0.028 29.062  0.852  0.000 30.520 0
 0.154  0.720 40.875  0.925  0.000 41.337  0.255  0.000 42.884  0.000  0.750 43.935  0.000  0.473 43.557 0
 0.773  0.000 16.114  0.330  0.014 16.279  0.190  0.304 17.674  0.886  0.000 19.297  0.655  0.000 19.625 0
 0.263  0.008 26.955  0.000  0.454 26.592  0.000  0.785 25.964  0.575  0.905 26.264  0.000  0.872 26.564 0
 0.000  0.881 11.619  0.224  0.093 11.545  0.525  0.023 13.188  0.249  0.145 14.525  0.847  0.000 14.949 0
 0.091  0.510 29.599  0.000  0.378 29.297  0.035  0.309 29.049  0.620  0.000 30.745  0.043  0.706 32.419 0
 0.159  0.771 45.644  0.733  0.086 45.576  0.912  0.000 46.774  0.458  0.000 48.362  0.963  0.193 48.208 0
 0.151  0.036 44.179  0.000  0.879 43.476  0.125  0.934 42.729  0.000  0.652 42.208  0.000  0.895 41.492 0
 0.541  0.051 33.526  0.576  0.124 33.426  0.000  0.602 32.944  0.737  0.081 34.541  0.055  0.599 36.166 0
 0.152  0.552 30.477  0.000  0.919 30.777  0.858  0.934 31.077  0.000  0.463 30.707  0.394  0.000 30.904 1
 0.043  0.767  9.135  0.646  0.938  9.435  0.000  0.857  9.735  0.076  0.926  8.994  0.605  0.000  9.297 1
 0.000  0.602 44.675  0.000  0.770 44.059  0.000  0.265 43.846  0.000  0.309 43.599  0.000  0.479 43.216 0
 0.743  0.000 19.998  0.533  0.000 20.264  0.026  0.270 20.048  0.073  0.663 21.452  0.000  0.247 22.828 0
 0.000  0.919 39.053  0.681  0.000 40.384  0.550  0.000 41.915  0.794  0.000 42.312  0.334  0.000 42.479 0
 0.000  0.680 37.233  0.287  0.000 37.376  0.011  0.385 38.981  0.846  0.000 40.015  0.645  0.000 40.337 0
 0.046  0.395 11.629  0.000  0.759 11.022  0.134  0.205 10.858  0.000  0.733 11.997  0.000  0.380 13.603 0
 0.122  0.729 23.774  0.000  0.358 23.488  0.000  0.961 22.719  0.061  0.896 23.019  0.000  0.871 23.319 0
 0.000  0.489 10.011  0.563  0.094 11.594  0.083  0.052 12.680  0.040  0.192 12.527  0.642  0.000 12.847 0
 0.471  0.000 37.707  0.171  0.894 38.007  0.000  0.938 38.307  0.288  0.000 38.451  0.000  0.910 37.723 0
 0.000  0.836 42.151  0.883  0.000 42.592  0.682  0.000 42.933  0.027  0.430 42.589  0.313  0.147 42.472 0
 0.917  0.000 23.795  0.000  0.932 24.095  0.563  0.910 24.395  0.001  0.749 23.796  0.000  0.384 23.489 0
 0.153  0.142 32.644  0.923  0.012 33.105  0.938  0.000 34.183  0.650  0.000 35.589  0.000  0.651 35.068 0
 0.984  0.000 46.242  0.000  0.752 45.641  0.281  0.000 45.781  0.000  0.302 45.539  0.003  0.560 45.091 0
 0.518  0.000 10.071  0.418  0.000 10.279  0.892  0.000 10.726  0.732  0.000 11.091  0.341  0.000 11.262 0
 0.057  0.016 44.969  0.086  0.048 45.012  0.118  0.123 44.914  0.000  0.882 44.208  0.508  0.189 44.057 0
 0.189  0.392 32.652  0.839  0.000 33.072  0.579  0.000 33.361  0.000  0.928 33.661  0.000  0.862 33.961 0
 0.323  0.000 38.391  0.000  0.546 39.435  0.000  0.326 40.436  0.888  0.180 40.292  0.000  0.893 39.577 0
 0.000  0.691 17.994  0.000  0.913 17.263  0.014  0.128 17.161  0.880  0.068 17.107  0.498  0.000 17.357 0
 0.542  0.000  8.501  0.054  0.727  7.919  0.829  0.000  8.334  0.077  0.739  9.523  0.000  0.849 10.907 0
 0.000  0.536 15.026  0.142  0.518 14.611  0.000  0.905 13.888  0.630  0.928 14.188  0.065  0.872 14.488 0
 0.095  0.725  6.338  0.675  0.078  6.275  0.296  0.000  6.423  0.944  0.151  6.302  0.783  0.187  6.153 0
 0.303  0.023 22.007  0.000  0.456 21.642  0.232  0.000 21.758  0.000  0.436 21.409  0.179  0.201 21.248 0
 0.250  0.000 24.076  0.030  0.798 25.767  0.561  0.059 27.098  0.000  0.684 26.551  0.276  0.020 26.689 0
 0.714  0.000 41.937  0.881  0.000 42.377  0.047  0.244 42.182  0.861  0.928 42.482  0.000  0.916 42.782 0
 0.418  0.065  9.643  0.345  0.173  9.505  0.187  0.632  9.000  0.000  0.892  9.300  0.000  0.860  9.600 0
 0.513  0.000 45.565  0.977  0.000 46.053  0.818  0.000 46.462  0.000  0.939 45.711  0.000  0.379 45.407 0
 0.928  0.000  5.486  0.729  0.000  5.850  0.770  0.000  6.235  0.000  0.648  5.717  0.580  0.000  6.007 0
 0.000  0.457 38.921  0.787  0.000 39.315  0.000  0.276 39.094  0.000  0.939 39.394  0.000  0.903 39.694 0
 0.386  0.000 13.144  0.806  0.000 13.547  0.145  0.248 13.349  0.000  0.333 13.082  0.270  0.129 12.979 0
 0.017  0.800 30.624  0.000  0.574 30.165  0.615  0.912 30.465  0.000  0.944 30.765  0.000  0.505 30.361 0
 0.693  0.000 38.372  0.075  0.976 37.591  0.525  0.000 39.176  0.591  0.000 40.793  0.452  0.020 41.019 0
 0.733  0.000  9.763  0.000  0.494 11.288  0.951  0.000 12.488  0.000  0.524 12.068  0.123  0.774 11.449 0
 0.835  0.000 15.581  0.000  0.233 15.394  0.000  0.632 14.889  0.928  0.000 15.353  0.273  0.000 15.489 0
 0.000  0.288 16.137  0.886  0.065 16.085  0.799  0.000 16.485  0.121  0.481 16.100  0.764  0.000 16.482 0
 0.949  0.184 18.108  0.000  0.763 17.498  0.000  0.718 16.924  0.907  0.000 17.377  0.263  0.000 17.509 0
 0.305  0.000 10.317  0.184  0.263 10.106  0.460  0.000 10.337  0.934  0.094 10.261  0.192  0.814  9.610 0
 0.670  0.000 38.266  0.000  0.321 38.009  0.000  0.901 39.568  0.000  0.685 40.588  0.000  0.712 40.019 0
 0.611  0.059 46.290  0.728  0.165 46.158  0.585  0.000 46.451  0.000  0.856 46.751  0.418  0.883 47.051 0
 0.000  0.845 15.737  0.000  0.996 14.940  0.377  0.000 15.129  0.026  0.107 16.181  0.021  0.685 17.562 0
 0.656  0.000 42.904  0.000  0.709 42.337  0.119  0.803 41.694  0.065  0.857 41.994  0.071  0.885 42.294 0
 0.000  0.602 25.577  0.196  0.855 25.877  0.923  0.901 26.177  0.656  0.083 26.110  0.580  0.134 26.003 1
 0.456  0.000 35.452  0.825  0.000 35.865  0.000  0.862 35.176  0.847  0.000 35.599  0.000  0.323 35.340 0
 0.949  0.000 30.165  0.179  0.131 30.059  0.000  0.874 30.359  0.476  0.921 30.659  0.000  0.757 30.054 0
 0.000  0.209 25.400  0.156  0.371 25.103  0.373  0.942 25.403  0.596  0.950 25.703  0.000  0.878 25.000 0
 0.297  0.091  7.963  0.920  0.045  8.423  0.592  0.000  8.719  0.172  0.984  7.932  0.000  0.659  7.405 0
 0.241  0.000 22.211  0.790  0.000 22.606  0.000  0.616 22.113  0.149  0.891 22.413  0.000  0.879 22.713 0
 0.953  0.075 20.123  0.011  0.960 19.356  0.349  0.000 19.530  0.000  0.629 19.027  0.507  0.000 19.281 0
 0.557  0.000 10.052  0.492  0.000 10.299  0.099  0.155 10.174  0.000  0.715  9.603  0.810  0.000 10.008 0
 0.636  0.000 21.277  0.000  0.888 22.648  0.000  0.211 23.699  0.171  0.516 23.287  0.081  0.537 22.857 0
 0.713  0.045 20.136  0.000  0.670 19.600  0.148  0.675 19.060  0.524  0.868 19.360  0.200  0.938 19.660 0
 0.933  0.000  7.528  0.759  0.158  8.669  0.721  0.000 10.276  0.000  0.311 10.027  0.198  0.423  9.689 0
 0.000  0.874 46.291  0.152  0.863 46.591  0.653  0.931 46.891  0.831  0.000 47.307  0.985  0.000 47.799 1
 0.593  0.000 32.281  0.000  0.893 32.581  0.118  0.902 32.881  0.718  0.000 33.239  0.000  0.636 32.730 0
 0.000  0.632  4.367  0.000  0.915  3.635  0.000  0.729  3.052  0.301  0.100  2.972  0.977  0.185  2.824 0
 0.000  0.213 29.514  0.649  0.945 29.814  0.766  0.935 30.114  0.653  0.000 30.441  0.000  0.777 29.820 0
 0.000  0.516 40.696  0.330  0.000 40.861  0.078  0.129 41.894  0.000  0.430 43.154  0.386  0.000 43.347 0
 0.812  0.000 34.316  0.000  0.534 33.889  0.000  0.269 33.674  0.389  0.000 34.922  0.113  0.628 36.285 0
 0.095  0.789 30.916  0.000  0.864 30.225  0.000  0.864 31.289  0.000  0.392 32.833  0.257  0.045 32.961 0
 0.000  0.418 47.901  0.000  0.384 47.594  0.971  0.871 47.894  0.000  0.923 48.194  0.000  0.236 48.004 0
 0.570  0.137 17.598  0.000  0.852 17.898  0.688  0.850 18.198  0.110  0.350 17.917  0.626  0.000 18.230 0
 0.641  0.000 26.905  0.327  0.000 27.069  0.000  0.891 27.369  0.000  0.865 27.669  0.343  0.000 27.840 0
 0.740  0.000 11.570  0.774  0.000 11.957  0.787  0.000 12.351  0.000  0.963 11.580  0.744  0.147 11.462 0
 0.092  0.662 45.183  0.547  0.000 46.693  0.402  0.000 48.089  0.000  0.568 47.634  0.048  0.449 47.275 0
 0.000  0.370 21.385  0.120  0.921 21.685  0.340  0.863 21.985  0.627  0.000 22.298  0.255  0.000 22.426 0
 0.998  0.000  7.444  0.289  0.155  8.897  1.000  0.000 10.345  0.394  0.000 10.542  0.000  0.756  9.938 0
 0.165  0.439 32.927  0.000  0.424 32.588  0.187  0.219 32.413  0.000  0.918 31.678  0.793  0.000 32.074 0
 0.000  0.555 13.766  0.947  0.000 14.239  0.000  0.760 15.820  0.821  0.000 17.114  0.068  0.977 16.333 0
 0.037  0.617 18.529  0.000  0.325 18.269  0.000  0.616 19.857  0.002  0.001 21.258  0.000  0.697 20.701 0
 0.966  0.000 25.101  0.000  0.822 24.443  0.232  0.936 24.743  0.000  0.867 25.043  0.160  0.827 24.382 0
 0.483  0.000 22.907  0.943  0.000 23.378  0.320  0.184 23.231  0.661  0.000 24.492  0.000  0.525 25.554 0
 0.346  0.000  3.999  0.000  0.941  3.246  0.000  0.887  2.536  0.407  0.000  2.740  0.000  0.555  2.296 0
 0.564  0.000 27.760  0.396  0.065 27.708  0.000  0.879 28.008  0.152  0.932 28.308  0.788  0.000 28.702 0
 0.060  0.739 20.773  0.874  0.885 21.073  0.459  0.924 21.373  0.000  0.464 21.001  0.260  0.000 21.131 0
 0.000  0.621 43.620  0.000  0.916 43.920  0.889  0.852 44.220  0.098  0.520 43.803  0.000  0.884 43.096 1
 0.376  0.000 17.463  0.423  0.000 17.674  0.000  0.653 19.141  0.151  0.904 20.532  0.783  0.000 20.923 1
 0.504  0.000 33.571  0.000  0.907 33.871  0.038  0.898 34.171  0.880  0.000 34.612  0.668  0.000 34.946 0
 0.026  0.722  9.570  0.895  0.059  9.523  0.624  0.000  9.835  0.000  0.942 10.135  0.000  0.863 10.435 0
 0.059  0.987 36.594  0.926  0.000 37.057  0.644  0.000 37.379  0.000  0.659 36.851  0.603  0.192 36.698 0
 0.532  0.000 45.409  0.239  0.172 46.487  0.680  0.000 47.534  0.555  0.000 47.811  0.811  0.000 48.217 0
 0.130  0.265 32.324  0.047  0.709 31.757  0.000  0.898 31.038  0.056  0.652 30.517  0.000  0.515 30.105 0
 0.652  0.000 28.579  0.351  0.186 28.430  0.000  0.598 27.952  0.421  0.004 28.973  0.541  0.016 30.500 0
 0.000  0.639 48.509  0.361  0.073 48.450  0.674  0.000 48.787  0.000  0.634 48.280  0.547  0.000 48.553 0
 0.356  0.000 42.542  0.000  0.871 41.846  0.000  0.600 41.366  0.719  0.000 41.725  0.000  0.418 41.390 0
 0.173  0.730 45.482  0.000  0.410 45.155  0.717  0.000 45.513  0.479  0.000 46.958  0.000  0.795 48.528 0
 0.000  0.671 28.417  0.000  0.911 28.717  0.000  0.947 29.017  0.000  0.759 28.409  0.056  0.877 27.707 0
 0.000  0.993 47.966  0.621  0.000 48.276  0.278  0.000 48.415  0.000  0.859 49.900  0.903  0.005 51.018 0
 0.000  0.272 39.090  0.269  0.000 39.225  0.000  0.883 39.525  0.000  0.937 39.825  0.710  0.064 39.773 1
 0.045  0.555 11.356  0.000  0.443 11.001  0.000  0.300 10.761  0.917  0.097 10.684  0.000  0.972  9.906 0
 0.000  0.672 15.739  0.097  0.695 15.183  0.000  0.423 14.845  0.688  0.923 15.145  0.145  0.858 15.445 0
 0.719  0.161  8.912  0.185  0.890  8.201  0.461  0.139  8.090  0.084  0.355  9.515  0.002  0.822 10.842 0
 0.929  0.000 19.424  0.178  0.734 18.836  0.742  0.934 19.136  0.893  0.873 19.436  0.654  0.062 19.387 0
 0.142  0.336 21.524  0.000  0.783 20.897  0.466  0.000 21.130  0.540  0.000 21.401  0.505  0.000 21.653 0
 0.000  0.704 38.945  0.992  0.000 39.441  0.096  0.549 39.002  0.000  0.558 40.256  0.794  0.000 41.531 0
 0.173  0.306 27.866  0.492  0.000 28.112  0.362  0.895 28.412  0.008  0.942 28.712  0.000  0.231 28.527 0
 0.355  0.000  8.672  0.000  0.517  9.756  0.163  0.014 11.154  0.916  0.000 11.612  0.666  0.000 11.945 0
 0.000  0.519  8.878  0.722  0.000  9.240  0.195  0.450 10.939  0.000  0.469 12.228  0.000  0.874 11.529 0
 0.116  0.510 17.093  0.165  0.872 17.393  0.000  0.875 17.693  0.000  0.730 17.109  0.000  0.545 16.673 0
 0.000  0.601  6.429  0.323  0.119  6.334  0.000  0.221  6.157  0.771  0.158  6.031  0.000  0.261  5.822 0
 0.637  0.000 30.886  0.889  0.000 31.330  0.904  0.000 31.782  0.000  0.437 31.433  0.000  0.490 31.041 0
 0.276  0.129 44.674  0.106  0.424 44.335  0.643  0.199 44.176  0.000  0.737 45.414  0.000  0.669 46.809 0
 0.379  0.000  8.371  0.223  0.000  9.677  0.641  0.153 10.905  0.931  0.000 11.371  0.056  0.606 10.886 0
 0.000  0.496 47.516  0.037  0.339 48.870  0.000  0.598 50.180  0.000  0.512 49.770  0.002  0.252 49.569 0
 0.000  0.502 14.989  0.000  0.875 15.289  0.220  0.949 15.589  0.445  0.000 15.812  0.870  0.000 16.247 1
 0.000  0.350  5.839  0.200  0.860  6.139  0.207  0.899  6.439  0.109  0.058  6.392  0.000  0.906  5.667 0
 0.972  0.000 28.598  0.799  0.081 28.534  0.084  0.870 28.834  0.000  0.883 29.134  0.000  0.672 28.597 0
 0.000  0.382  7.510  0.942  0.000  7.981  0.534  0.000  9.213  0.000  0.477 10.690  0.257  0.083 10.623 0
 0.781  0.000 15.043  0.605  0.000 15.345  0.000  0.914 14.614  0.130  0.248 14.416  0.844  0.000 14.838 0
 0.616  0.189 10.413  0.177  0.858 10.713  0.272  0.890 11.013  0.000  0.934 10.266  0.537  0.049 10.534 0
 0.000  0.389 33.920  0.902  0.946 34.220  0.820  0.870 34.520  0.000  0.524 34.101  0.000  0.243 33.906 0
 0.071  0.499 22.384  0.274  0.914 22.684  0.000  0.888 22.984  0.000  0.605 22.500  0.000  0.928 21.757 0
 0.075  0.077  9.658  0.361  0.000  9.839  0.693  0.000 10.186  0.977  0.037 11.215  0.000  0.721 12.261 0
 0.300  0.053 48.533  0.460  0.000 48.763  0.510  0.887 49.063  0.000  0.867 49.363  0.250  0.000 49.488 0
 0.647  0.000 22.173  0.976  0.000 22.661  0.889  0.134 22.554  0.668  0.000 22.888  0.005  0.950 22.127 0
 0.242  0.000 17.195  0.005  0.740 16.603  0.120  0.914 16.903  0.497  0.872 17.203  0.000  0.687 16.653 0
 0.903  0.000 48.747  0.000  0.573 48.288  0.506  0.000 49.812  0.001  0.313 51.338  0.066  0.487 50.949 0
 0.000  0.967 42.768  0.634  0.000 43.085  0.732  0.000 43.451  0.250  0.000 43.576  0.805  0.058 43.530 0
 0.000  0.487 44.889  0.280  0.000 45.029  0.768  0.869 45.329  0.071  0.879 45.629  0.028  0.965 44.857 0
 0.034  0.501 26.461  0.220  0.000 26.571  0.101  0.908 26.871  0.612  0.859 27.171  0.010  0.380 26.867 1
 0.065  0.178 15.940  0.662  0.889 16.240  0.160  0.860 16.540  0.000  0.531 16.115  0.429  0.000 16.330 1
 0.972  0.000 44.946  0.000  0.895 45.246  0.607  0.928 45.546  0.297  0.000 45.695  0.967  0.000 46.179 0
 0.952  0.000 33.642  0.000  0.959 32.875  0.731  0.865 33.175  0.000  0.860 33.475  0.000  0.717 32.901 0
 0.058  0.302  8.677  0.000  0.341  8.404  0.266  0.000  8.537  0.919  0.078  8.475  0.000  0.313  8.225 0
 0.937  0.000 32.375  0.094  0.872 32.675  0.468  0.915 32.975  0.000  0.513 32.565  0.643  0.034 32.887 0
 0.000  0.500 26.183  0.000  0.544 25.748  0.314  0.164 25.617  0.215  0.950 25.917  0.897  0.907 26.217 1
 0.487  0.000 32.291  0.932  0.000 32.757  0.000  0.749 32.157  0.719  0.902 32.457  0.044  0.874 32.757 0
 0.917  0.000 46.539  0.437  0.098 46.460  0.627  0.000 46.774  0.755  0.928 47.074  0.000  0.942 47.374 0
 0.160  0.928  5.926  0.000  0.357  5.641  0.373  0.877  5.941  0.065  0.879  6.241  0.000  0.982  5.455 0
 0.097  0.158 31.612  0.554  0.000 31.889  0.000  0.210 31.721  0.858  0.000 32.150  0.066  0.328 31.887 0
 0.160  0.349 43.401  0.659  0.132 43.295  0.000  0.305 43.050  0.019  0.490 42.658  0.472  0.000 42.894 0
 0.000  0.232  7.905  0.000  0.878  7.203  0.864  0.000  7.635  0.198  0.507  8.834  0.200  0.129 10.224 0
 0.269  0.000 21.562  0.908  0.000 22.015  0.673  0.852 22.315  0.000  0.875 22.615  0.853  0.000 23.042 0
 0.111  0.721 42.247  0.853  0.158 42.120  0.897  0.892 42.420  0.000  0.927 42.720  0.471  0.000 42.956 0
 0.130  0.259 36.103  0.768  0.917 36.403  0.000  0.945 36.703  0.651  0.000 37.028  0.000  0.998 36.230 1
 0.119  0.155 32.547  0.417  0.918 32.847  0.444  0.857 33.147  0.000  0.399 32.828  0.215  0.024 32.935 0
 0.541  0.000 13.061  0.383  0.000 13.253  0.000  0.287 13.023  0.914  0.179 12.880  0.351  0.119 12.785 0
 0.688  0.000 46.190  0.000  0.684 45.643  0.048  0.995 46.734  0.000  0.865 48.098  0.000  0.393 47.783 0
 0.000  0.590 24.191  0.176  0.867 24.491  0.331  0.874 24.791  0.232  0.000 24.907  0.786  0.000 25.300 1
 0.039  0.700  7.087  0.000  0.256  6.883  0.384  0.866  7.183  0.000  0.925  7.483  0.000  0.456  7.118 0
 0.413  0.000 13.875  0.451  0.179 13.731  0.193  0.540 13.300  0.000  0.559 12.852  0.237  0.000 12.971 0
 0.114  0.651 27.973  0.943  0.000 28.445  0.373  0.934 28.745  0.601  0.863 29.045  0.688  0.021 29.389 0
 0.000  0.755 22.083  0.796  0.931 22.383  0.000  0.938 22.683  0.823  0.000 23.094  0.229  0.055 23.050 1
 0.359  0.000 43.901  0.745  0.000 44.274  0.735  0.016 44.641  0.000  0.988 45.980  0.804  0.039 47.450 0
 0.973  0.000 25.471  0.000  0.604 24.987  0.919  0.000 25.447  0.210  0.000 25.552  0.421  0.000 25.763 0
 0.000  1.000 24.815  0.034  0.274 26.297  0.291  0.000 27.705  0.260  0.000 27.835  0.420  0.000 28.045 0
 0.355  0.000  9.897  0.000  0.945 10.197  0.000  0.930 10.497  0.085  0.910  9.769  0.000  0.673  9.231 0
 0.721  0.001 13.083  0.601  0.000 13.383  0.000  0.856 13.683  0.000  0.871 13.983  0.000  0.639 13.472 0
 0.545  0.000 10.470  0.000  0.881 10.770  0.000  0.943 11.070  0.523  0.000 11.331  0.292  0.000 11.478 0
 0.000  0.772 17.825  0.000  0.572 17.367  0.000  0.252 17.166  0.120  0.037 17.226  0.000  0.391 16.913 0
 0.602  0.184 10.618  0.750  0.000 10.993  0.059  0.497 12.377  0.859  0.000 13.667  0.570  0.000 13.952 0
 0.000  0.203 15.023  0.754  0.000 16.387  0.702  0.000 17.597  0.188  0.193 17.443  0.378  0.110 17.354 0
 0.927  0.000 44.374  0.000  0.577 43.912  0.449  0.000 45.238  0.515  0.000 46.595  0.715  0.000 46.952 0
 0.381  0.000 17.763  0.452  0.000 17.989  0.535  0.000 18.256  0.632  0.000 18.572  0.095  0.811 17.924 0
 0.389  0.000 46.741  0.000  0.337 46.471  0.942  0.143 46.357  0.511  0.000 47.446  0.463  0.000 48.986 0
 0.788  0.000 31.599  0.000  0.973 30.820  0.051  0.928 31.120  0.118  0.876 31.420  0.070  0.476 31.040 0
 0.898  0.000 32.922  0.000  0.635 32.413  0.489  0.047 33.743  0.084  0.559 35.297  0.838  0.000 35.715 0
 0.000  0.760 37.456  0.000  0.745 38.581  0.194  0.858 39.611  0.512  0.000 39.867  0.390  0.073 39.809 1
 0.889  0.000 45.789  0.000  0.917 46.089  0.568  0.883 46.389  0.000  0.620 45.893  0.333  0.124 45.794 0
 0.000  0.844 15.191  0.426  0.000 16.531  0.522  0.100 17.668  0.238  0.168 17.534  0.574  0.188 17.383 0
 0.057  0.245  7.570  0.000  0.265  7.359  0.927  0.018  7.822  0.818  0.915  8.122  0.000  0.865  8.422 0
 0.822  0.000 17.069  0.121  0.075 17.009  0.889  0.005 17.454  0.738  0.000 18.701  0.000  0.744 19.812 0
 0.000  0.593 35.703  0.000  0.711 35.134  0.953  0.000 35.611  0.782  0.090 35.539  0.033  0.454 35.176 0
 0.000  0.635 21.409  0.126  0.644 20.894  0.000  0.861 21.194  0.597  0.866 21.494  0.020  0.301 21.253 1
 0.558  0.000 13.845  0.000  0.387 13.535  0.168  0.914 12.804  0.629  0.000 13.118  0.021  0.807 12.472 0
 0.000  0.710 12.811  0.295  0.000 12.958  0.089  0.176 12.817  0.953  0.054 12.774  0.338  0.000 12.943 0
 0.000  0.309 47.200  0.293  0.000 47.347  0.000  0.785 46.718  0.000  0.917 45.985  0.000  0.946 45.228 0
 0.024  0.327 12.320  0.747  0.000 12.693  0.721  0.000 13.054  0.375  0.000 13.242  0.000  0.497 12.844 0
 0.411  0.000 40.168  0.958  0.170 40.032  0.000  0.496 39.635  0.766  0.912 39.935  0.000  0.859 40.235 0
 0.790  0.147 25.521  0.602  0.081 25.456  0.364  0.093 26.774  0.379  0.108 28.004  0.188  0.326 27.743 0
 0.084  0.687 22.839  0.122  0.376 22.538  0.000  0.705 21.974  0.167  0.340 21.702  0.000  0.792 21.068 0
 0.446  0.000 27.334  0.647  0.000 27.658  0.799  0.000 28.057  0.733  0.000 28.423  0.490  0.000 28.668 0
 0.744  0.000 48.100  0.695  0.000 49.302  0.700  0.000 50.352  0.109  0.801 49.711  0.000  0.447 49.353 0
 0.026  0.583 32.687  0.179  0.246 32.490  0.011  0.721 31.913  0.373  0.909 32.213  0.000  0.917 32.513 0
 0.912  0.000 19.580  0.614  0.000 19.887  0.538  0.000 20.156  0.214  0.000 21.557  0.966  0.054 22.733 0
 0.519  0.000  4.022  0.293  0.000  4.168  0.846  0.045  5.637  0.714  0.000  7.204  0.000  0.459  6.837 0
 0.000  0.923 14.484  0.000  0.845 13.808  0.101  0.342 13.535  0.000  0.539 13.104  0.841  0.000 13.525 0
 0.484  0.000  4.493  0.000  0.782  3.868  0.000  0.898  4.168  0.000  0.878  4.468  0.002  0.055  4.424 0
 0.341  0.000 16.888  0.749  0.126 16.787  0.000  0.204 16.623  0.021  0.916 16.923  0.353  0.889 17.223 0
 0.686  0.064 36.754  0.000  0.386 36.445  0.649  0.000 36.770  0.828  0.871 37.070  0.604  0.925 37.370 0
 0.071  0.761 17.707  0.737  0.000 18.076  0.454  0.044 18.303  0.062  0.294 18.068  0.288  0.102 17.986 0
 0.444  0.000 11.566  0.000  0.967 10.792  0.224  0.075 10.731  0.979  0.000 11.221  0.461  0.062 11.172 0
 0.000  0.300  4.004  0.544  0.000  4.276  0.773  0.060  4.228  0.000  0.757  5.592  0.000  0.338  6.882 0
 0.000  0.936 36.115  0.500  0.000 37.499  0.245  0.000 38.800  0.549  0.031 39.075  0.563  0.084 39.007 0
 0.712  0.000 27.831  0.000  0.314 27.580  0.000  0.556 29.255  0.000  0.887 30.423  0.000  0.628 29.920 0
 0.851  0.000  4.772  0.942  0.152  4.650  0.000  0.358  6.277  0.000  0.490  7.757  0.986  0.000  8.250 0
 0.754  0.000 19.067  0.000  0.936 18.318  0.644  0.000 18.640  0.679  0.890 18.940  0.926  0.903 19.240 0
 0.000  0.979 23.595  0.823  0.000 24.006  0.808  0.119 23.911  0.703  0.893 24.211  0.000  0.943 24.511 0
 0.000  0.321 27.773  0.991  0.000 28.268  0.918  0.942 28.568  0.572  0.924 28.868  0.821  0.000 29.278 0
 0.000  0.385 37.321  0.212  0.921 37.621  0.000  0.922 37.921  0.000  0.275 37.701  0.000  0.779 37.078 0
 0.004  0.864 28.656  0.757  0.052 28.615  0.555  0.000 28.892  0.625  0.114 30.484  0.244  0.000 31.960 0
 0.050  0.138  6.484  0.543  0.904  6.784  0.307  0.885  7.084  0.323  0.000  7.245  0.000  0.674  6.706 0
 0.093  0.560 21.083  0.580  0.000 21.373  0.815  0.000 21.781  0.258  0.013 22.827  0.879  0.000 24.023 0
 0.584  0.000 36.936  0.000  0.998 36.137  0.732  0.070 36.081  0.000  0.696 37.306  0.000  0.434 38.696 0
 0.092  0.597  9.675  0.000  0.681 10.899  0.877  0.113 12.224  0.000  0.758 11.618  0.509  0.000 11.873 0
 0.000  0.623 32.085  0.853  0.000 32.512  0.065  0.355 32.227  0.866  0.149 32.109  0.000  0.615 31.617 0
 0.000  0.335 13.182  0.625  0.000 13.495  0.569  0.000 13.780  0.794  0.000 14.176  0.169  0.880 13.472 0
 0.980  0.088 15.674  0.000  0.272 15.457  0.000  0.870 15.757  0.781  0.853 16.057  0.017  0.829 15.394 0
 0.573  0.011  4.992  0.000  0.200  6.543  0.587  0.055  8.047  0.995  0.000  8.544  0.376  0.000  8.732 0
 0.000  0.228 11.453  0.008  0.881 10.748  0.464  0.130 10.644  0.000  0.918 10.944  0.681  0.866 11.244 0
 0.366  0.000 44.481  0.559  0.088 44.411  0.000  0.546 43.974  0.644  0.006 44.296  0.000  0.832 43.630 0
 0.000  0.997 35.926  0.050  0.905 36.226  0.674  0.925 36.526  0.000  0.780 35.901  0.432  0.165 35.769 1
 0.487  0.000 25.465  0.388  0.132 25.360  0.019  0.079 25.297  0.017  0.513 26.717  0.000  0.518 28.187 0
 0.595  0.000 27.565  0.000  0.325 27.305  0.490  0.000 27.550  0.000  0.940 27.850  0.883  0.898 28.150 0
 0.168  0.299 25.105  0.057  0.180 24.960  0.564  0.915 25.260  0.000  0.909 25.560  0.000  0.985 24.773 0
 0.000  0.889 10.754  0.801  0.000 11.155  0.446  0.000 11.378  0.828  0.078 11.315  0.470  0.093 11.241 0
 0.000  0.817 32.945  0.000  0.319 32.690  0.687  0.895 32.990  0.000  0.927 33.290  0.976  0.000 33.778 1
 0.219  0.000 31.598  0.000  0.682 31.052  0.095  0.996 30.256  0.238  0.000 30.375  0.095  0.224 30.196 0
 0.097  0.820 39.317  0.000  0.604 38.834  0.041  0.512 38.424  0.974  0.094 38.349  0.329  0.009 38.513 0
 0.075  0.968 39.266  0.000  0.750 38.666  0.833  0.000 39.083  0.951  0.055 39.039  0.635  0.000 39.356 0
 0.373  0.000 23.812  0.690  0.065 23.760  0.598  0.037 24.060  0.063  0.078 23.998  0.000  0.918 23.263 0
 0.897  0.000 21.177  0.351  0.000 21.352  0.000  0.627 20.851  0.592  0.059 20.804  0.302  0.029 20.955 0
 0.020  0.527 40.282  0.535  0.198 40.123  0.839  0.000 40.543  0.402  0.000 40.743  0.123  0.065 40.691 0
 0.933  0.000 24.206  0.131  0.871 24.506  0.000  0.891 24.806  0.495  0.000 25.053  0.000  0.248 24.855 0
 0.000  0.980 17.069  0.096  0.739 18.287  0.928  0.073 19.406  0.226  0.000 19.519  0.000  0.845 18.842 0
 0.000  0.991 41.609  0.000  0.821 43.010  0.428  0.000 44.618  0.000  0.943 43.863  0.000  0.525 43.444 0
 0.931  0.000 30.883  0.000  0.305 30.639  0.308  0.103 30.557  0.000  0.469 30.181  0.743  0.000 30.552 0
 0.656  0.000  8.800  0.897  0.073  8.742  0.000  0.642 10.401  0.671  0.000 11.802  0.616  0.167 11.668 0
 0.000  0.766 34.290  0.790  0.000 34.685  0.440  0.000 35.973  0.074  0.498 37.126  0.878  0.000 37.565 0
 0.475  0.000 21.776  0.057  0.340 21.504  0.000  0.853 20.822  0.429  0.915 21.122  0.000  0.872 21.422 0
 0.695  0.000 15.373  0.542  0.868 15.673  0.000  0.938 15.973  0.045  0.036 15.793  0.948  0.071 15.737 0
 0.000  0.429  6.645  0.858  0.000  7.074  0.223  0.000  7.186  0.191  0.898  7.486  0.085  0.893  7.786 0
 0.000  0.902 36.269  0.000  0.855 35.585  0.858  0.084 35.518  0.000  0.641 36.854  0.685  0.000 37.863 0
 0.000  0.937 35.305  0.000  0.362 35.016  0.000  0.703 34.454  0.947  0.000 34.927  0.555  0.000 35.205 0
 0.279  0.120 33.665  0.314  0.180 33.521  0.000  0.969 32.746  0.738  0.124 34.015  0.573  0.000 35.382 0
 0.446  0.005 30.688  0.583  0.000 30.980  0.747  0.162 30.850  0.000  0.662 30.321  0.455  0.000 30.548 0
 0.864  0.000 27.403  0.000  0.903 27.703  0.181  0.949 28.003  0.000  0.577 27.542  0.671  0.000 27.877 0
